0.60 0.00
0.60 0.00
0.70 0.00
1.20 0.00
1.50 0.00
1.60 0.00
2.50 0.00
2.60 0.00
2.80 0.00
3.40 0.00
3.80 0.00
3.90 0.00
4.30 0.00
4.40 0.00
4.40 0.00
4.50 0.00
4.60 0.00
4.70 0.00
4.80 0.00
5.00 0.00
5.40 0.00
5.60 0.00
5.90 0.00
6.00 0.00
6.20 0.00
6.20 0.00
6.80 0.00
7.40 0.00
7.40 0.01
7.80 0.01
7.80 0.01
8.10 0.01
8.20 0.01
8.20 0.01
8.30 0.01
8.70 0.01
8.70 0.01
8.80 0.01
9.10 0.01
9.10 0.01
9.20 0.01
9.30 0.01
9.30 0.01
9.50 0.01
9.60 0.01
9.70 0.01
9.70 0.01
9.80 0.01
9.80 0.01
9.80 0.01
9.90 0.01
10.00 0.01
10.10 0.01
10.20 0.02
10.40 0.02
10.40 0.02
10.50 0.02
10.70 0.02
10.80 0.02
10.90 0.02
10.90 0.02
11.10 0.02
11.10 0.02
11.20 0.02
11.30 0.02
11.30 0.02
11.30 0.02
11.50 0.02
11.80 0.02
11.80 0.02
11.90 0.02
12.30 0.02
12.40 0.02
12.40 0.03
12.60 0.03
12.60 0.03
12.70 0.03
12.70 0.03
12.90 0.03
12.90 0.03
13.00 0.03
13.00 0.03
13.00 0.03
13.00 0.03
13.20 0.03
13.20 0.03
13.40 0.03
13.80 0.03
14.10 0.03
14.20 0.03
14.20 0.04
14.30 0.04
14.30 0.04
14.40 0.04
14.50 0.04
14.70 0.04
14.70 0.04
14.70 0.04
14.80 0.04
14.80 0.04
15.40 0.04
15.50 0.04
15.60 0.04
15.70 0.04
16.30 0.04
16.30 0.05
16.40 0.05
16.40 0.05
16.60 0.05
16.70 0.05
16.70 0.05
16.70 0.05
16.70 0.05
16.70 0.05
16.80 0.05
17.10 0.05
17.30 0.05
17.40 0.05
17.40 0.06
17.50 0.06
17.50 0.06
17.60 0.06
17.70 0.06
17.70 0.06
17.80 0.06
18.00 0.06
18.10 0.06
18.10 0.06
18.30 0.06
18.50 0.06
18.60 0.06
18.80 0.07
18.80 0.07
18.90 0.07
18.90 0.07
18.90 0.07
18.90 0.07
19.10 0.07
19.10 0.07
19.30 0.07
19.40 0.07
19.40 0.07
19.40 0.07
19.90 0.08
20.00 0.08
20.00 0.08
20.10 0.08
20.30 0.08
20.40 0.08
20.40 0.08
20.40 0.08
20.50 0.08
20.60 0.08
20.70 0.08
20.70 0.09
20.70 0.09
20.70 0.09
20.80 0.09
20.90 0.09
20.90 0.09
20.90 0.09
20.90 0.09
21.10 0.09
21.20 0.09
21.20 0.10
21.20 0.10
21.60 0.10
21.90 0.10
21.90 0.10
22.00 0.10
22.10 0.10
22.20 0.10
22.30 0.10
22.40 0.10
22.50 0.10
22.60 0.11
22.70 0.11
22.80 0.11
23.10 0.11
23.20 0.11
23.30 0.11
23.30 0.11
23.30 0.11
23.70 0.11
24.20 0.12
24.20 0.12
24.30 0.12
24.40 0.12
24.40 0.12
24.80 0.12
24.80 0.12
24.80 0.12
24.90 0.12
24.90 0.12
24.90 0.13
25.00 0.13
25.40 0.13
25.50 0.13
25.60 0.13
25.80 0.13
26.10 0.13
26.10 0.13
26.30 0.14
26.40 0.14
26.60 0.14
26.60 0.14
26.90 0.14
27.00 0.14
27.20 0.14
27.40 0.14
27.40 0.14
27.90 0.15
28.20 0.15
28.20 0.15
28.30 0.15
28.40 0.15
28.60 0.15
28.60 0.15
28.70 0.15
29.00 0.16
29.10 0.16
29.30 0.16
29.50 0.16
29.50 0.16
30.00 0.16
30.10 0.16
30.10 0.17
30.20 0.17
30.20 0.17
30.40 0.17
30.50 0.17
30.60 0.17
30.70 0.17
31.40 0.17
31.50 0.18
31.60 0.18
31.80 0.18
31.80 0.18
32.20 0.18
32.30 0.18
32.30 0.18
32.80 0.19
32.90 0.19
32.90 0.19
33.00 0.19
33.30 0.19
33.70 0.19
33.90 0.20
33.90 0.20
34.10 0.20
34.10 0.20
34.30 0.20
34.90 0.20
34.90 0.20
35.10 0.21
35.30 0.21
35.30 0.21
35.70 0.21
36.30 0.21
36.40 0.21
36.50 0.22
36.80 0.22
37.10 0.22
37.20 0.22
37.20 0.22
37.30 0.22
37.50 0.23
37.70 0.23
37.90 0.23
38.00 0.23
38.20 0.23
38.20 0.23
38.30 0.24
38.30 0.24
38.30 0.24
38.50 0.24
38.60 0.24
38.70 0.24
38.90 0.25
38.90 0.25
39.30 0.25
39.70 0.25
39.90 0.25
39.90 0.25
40.10 0.26
40.20 0.26
40.30 0.26
40.40 0.26
40.90 0.26
40.90 0.27
41.50 0.27
41.60 0.27
41.80 0.27
42.20 0.27
42.30 0.27
42.30 0.28
42.40 0.28
42.40 0.28
42.40 0.28
43.00 0.28
43.00 0.29
43.10 0.29
43.10 0.29
43.60 0.29
44.00 0.29
44.00 0.30
44.20 0.30
44.20 0.30
44.40 0.30
44.40 0.30
44.40 0.31
44.50 0.31
44.80 0.31
45.00 0.31
45.20 0.31
45.50 0.32
46.50 0.32
46.70 0.32
47.00 0.32
47.10 0.32
47.30 0.33
47.50 0.33
47.90 0.33
47.90 0.33
48.00 0.33
48.00 0.34
48.50 0.34
48.50 0.34
48.90 0.34
49.50 0.35
50.00 0.35
50.20 0.35
51.20 0.35
51.40 0.35
51.90 0.36
52.50 0.36
52.70 0.36
53.30 0.36
53.90 0.37
55.30 0.37
55.50 0.37
55.60 0.37
55.70 0.38
56.50 0.38
56.50 0.38
56.80 0.38
56.80 0.39
56.80 0.39
56.80 0.39
57.10 0.39
57.20 0.40
57.30 0.40
57.30 0.40
57.70 0.40
57.90 0.41
58.60 0.41
58.70 0.41
58.80 0.41
59.00 0.42
59.10 0.42
59.70 0.42
60.00 0.42
60.80 0.43
61.00 0.43
61.70 0.43
62.90 0.44
63.00 0.44
63.10 0.44
64.20 0.44
64.30 0.45
64.50 0.45
64.70 0.45
65.10 0.46
65.40 0.46
65.70 0.46
66.00 0.46
67.10 0.47
67.70 0.47
68.20 0.47
68.50 0.48
68.60 0.48
68.60 0.48
68.70 0.49
69.10 0.49
71.20 0.49
71.60 0.49
72.40 0.50
72.70 0.50
73.00 0.50
74.20 0.51
74.90 0.51
74.90 0.51
75.90 0.52
76.20 0.52
76.20 0.52
77.00 0.53
77.10 0.53
77.30 0.53
77.30 0.54
77.60 0.54
79.20 0.55
79.70 0.55
79.80 0.55
81.90 0.56
84.40 0.56
85.20 0.56
85.80 0.57
85.80 0.57
86.00 0.57
86.90 0.58
87.10 0.58
88.40 0.59
89.80 0.59
92.40 0.59
93.60 0.60
94.80 0.60
95.60 0.61
97.10 0.61
97.10 0.62
99.80 0.62
101.60 0.62
102.60 0.63
102.60 0.63
102.70 0.64
103.30 0.64
105.30 0.65
105.30 0.65
109.50 0.66
110.60 0.66
111.40 0.67
111.50 0.67
116.00 0.68
117.60 0.68
119.80 0.69
121.00 0.69
121.60 0.70
121.80 0.70
122.30 0.71
127.80 0.72
127.90 0.72
129.60 0.73
131.30 0.73
131.90 0.74
133.30 0.74
134.30 0.75
134.50 0.76
137.60 0.76
138.50 0.77
140.70 0.77
146.80 0.78
155.30 0.79
157.30 0.80
159.70 0.80
162.10 0.81
162.40 0.82
165.00 0.82
167.80 0.83
173.40 0.84
173.70 0.85
174.20 0.85
190.20 0.86
204.20 0.87
252.60 0.88
253.00 0.89
266.60 0.91
278.80 0.92
295.00 0.93
324.10 0.95
334.50 0.96
343.80 0.98
532.60 1.00
