4.60 0.000186
4.90 0.000384
7.80 0.000699
12.00 0.001185
18.30 0.001925
18.30 0.002665
19.50 0.003453
23.50 0.004403
26.60 0.005479
26.90 0.006566
29.10 0.007743
32.30 0.009049
34.50 0.010444
34.60 0.011843
35.10 0.013262
38.20 0.014807
39.10 0.016388
39.60 0.017989
41.00 0.019647
41.60 0.021329
42.80 0.023059
43.00 0.024798
48.70 0.026767
58.30 0.029124
59.00 0.031510
59.00 0.033895
61.30 0.036374
61.70 0.038869
63.40 0.041432
65.60 0.044084
65.80 0.046745
69.20 0.049543
69.70 0.052361
71.10 0.055236
71.20 0.058115
73.10 0.061070
74.60 0.064087
75.70 0.067148
80.40 0.070398
80.40 0.073649
81.60 0.076949
82.00 0.080264
82.60 0.083604
82.70 0.086948
83.20 0.090312
83.80 0.093700
86.80 0.097210
87.90 0.100764
88.70 0.104350
95.20 0.108199
97.10 0.112126
98.20 0.116096
98.90 0.120095
99.20 0.124106
104.40 0.128327
108.90 0.132730
108.90 0.137134
109.60 0.141565
110.90 0.146049
112.90 0.150614
113.80 0.155215
116.00 0.159906
116.00 0.164596
117.80 0.169359
118.80 0.174162
120.40 0.179030
121.90 0.183959
124.10 0.188977
125.90 0.194068
132.70 0.199433
133.00 0.204811
133.50 0.210209
136.10 0.215712
138.70 0.221320
140.00 0.226980
140.90 0.232677
141.40 0.238395
141.90 0.244132
141.90 0.249870
143.90 0.255688
144.40 0.261527
145.90 0.267426
146.10 0.273333
149.90 0.279394
150.00 0.285459
150.90 0.291560
152.00 0.297706
152.30 0.303864
153.60 0.310075
153.80 0.316293
154.00 0.322520
156.50 0.328848
157.30 0.335208
162.20 0.341766
164.20 0.348406
168.20 0.355206
168.70 0.362027
175.60 0.369128
179.20 0.376373
181.00 0.383692
186.70 0.391241
189.00 0.398882
190.50 0.406585
190.70 0.414296
192.60 0.422083
193.40 0.429903
194.30 0.437759
195.90 0.445680
198.10 0.453690
198.50 0.461716
198.80 0.469754
200.30 0.477853
201.90 0.486016
203.70 0.494252
208.50 0.502683
216.10 0.511420
226.00 0.520558
227.70 0.529765
227.80 0.538976
242.80 0.548793
250.40 0.558917
254.80 0.569220
259.20 0.579700
269.20 0.590585
275.70 0.601732
275.70 0.612880
292.20 0.624694
301.60 0.636889
303.20 0.649148
305.50 0.661501
308.10 0.673958
309.80 0.686484
321.70 0.699492
322.80 0.712544
328.70 0.725834
347.90 0.739901
353.40 0.754190
355.50 0.768564
376.10 0.783771
403.70 0.800094
413.40 0.816809
437.30 0.834490
470.10 0.853498
497.20 0.873602
500.10 0.893822
616.60 0.918753
629.60 0.944210
676.20 0.971551
703.60 1.000000
