# desi footprint NGC: 
# Let data tell natural coordinate system: if ra.min()<0, put singularity at 
# ra=-180, else put singularity at ra=0
9.642857142857141639e+01 6.156696379051533086e+01
9.634615384615385381e+01 6.118977627871704783e+01
9.634615384615385381e+01 6.118977627871704783e+01
9.626582278481014043e+01 6.081226960323110120e+01
9.512658227848100978e+01 6.081226960323110120e+01
9.512658227848100978e+01 6.081226960323110120e+01
9.398734177215187913e+01 6.081226960323111541e+01
9.398734177215187913e+01 6.081226960323111541e+01
9.284810126582279111e+01 6.081226960323110120e+01
9.284810126582279111e+01 6.081226960323110120e+01
9.284810126582279111e+01 6.081226960323110120e+01
9.281249999999998579e+01 6.043443884495228247e+01
9.168750000000000000e+01 6.043443884495228247e+01
9.168750000000000000e+01 6.043443884495228247e+01
9.168750000000000000e+01 6.043443884495228247e+01
9.166666666666667140e+01 6.005627904951214191e+01
9.055555555555554292e+01 6.005627904951214191e+01
9.055555555555554292e+01 6.005627904951214191e+01
9.055555555555554292e+01 6.005627904951214191e+01
9.055555555555554292e+01 6.005627904951214191e+01
9.054878048780486210e+01 5.967778522657881268e+01
9.054216867469880015e+01 5.929895234914484092e+01
9.054216867469880015e+01 5.929895234914484092e+01
9.054216867469880015e+01 5.929895234914484092e+01
9.053571428571430602e+01 5.891977535280314981e+01
9.053571428571430602e+01 5.891977535280314981e+01
9.158823529411763786e+01 5.854024913501048388e+01
9.156976744186046346e+01 5.816036855433799957e+01
9.156976744186046346e+01 5.816036855433799957e+01
9.155172413793103203e+01 5.778012842970896656e+01
9.155172413793103203e+01 5.778012842970896656e+01
9.153409090909090651e+01 5.739952353962294751e+01
9.153409090909090651e+01 5.739952353962294751e+01
9.151685393258426870e+01 5.701854862136608659e+01
9.151685393258426870e+01 5.701854862136608659e+01
9.150000000000000000e+01 5.663719837020752834e+01
9.150000000000000000e+01 5.663719837020752834e+01
9.148351648351646759e+01 5.625546743858107135e+01
9.148351648351646759e+01 5.625546743858107135e+01
9.148351648351646759e+01 5.625546743858107135e+01
9.244565217391304657e+01 5.587335043525198586e+01
9.244565217391304657e+01 5.587335043525198586e+01
9.338709677419353739e+01 5.549084192446861152e+01
9.338709677419353739e+01 5.549084192446861152e+01
9.430851063829786085e+01 5.510793642509819534e+01
9.426315789473686380e+01 5.472462840974653631e+01
9.426315789473686380e+01 5.472462840974653631e+01
9.421875000000000000e+01 5.434091230386125204e+01
9.421875000000000000e+01 5.434091230386125204e+01
9.417525773195876582e+01 5.395678248481786454e+01
9.417525773195876582e+01 5.395678248481786454e+01
9.413265306122448806e+01 5.357223328098856285e+01
9.413265306122448806e+01 5.357223328098856285e+01
9.413265306122448806e+01 5.357223328098856285e+01
9.500000000000000000e+01 5.318725897079298193e+01
9.495000000000000284e+01 5.280185378173062105e+01
9.495000000000000284e+01 5.280185378173062105e+01
9.490099009900990268e+01 5.241601188939428368e+01
9.490099009900990268e+01 5.241601188939428368e+01
9.485294117647059409e+01 5.202972741646417632e+01
9.485294117647059409e+01 5.202972741646417632e+01
9.480582524271844136e+01 5.164299443168206949e+01
9.480582524271844136e+01 5.164299443168206949e+01
9.480582524271844136e+01 5.164299443168206949e+01
9.562500000000001421e+01 5.125580694880488863e+01
9.557142857142856940e+01 5.086815892553735097e+01
9.557142857142856940e+01 5.086815892553735097e+01
9.557142857142856940e+01 5.086815892553735097e+01
9.636792452830188438e+01 5.048004426244293796e+01
9.636792452830188438e+01 5.048004426244293796e+01
9.714953271028038273e+01 5.009145680183258520e+01
9.708333333333332860e+01 4.970239032663068457e+01
9.708333333333332860e+01 4.970239032663068457e+01
9.701834862385321401e+01 4.931283855921746095e+01
9.701834862385321401e+01 4.931283855921746095e+01
9.701834862385321401e+01 4.931283855921746095e+01
9.777272727272726627e+01 4.892279516024730412e+01
9.770270270270270885e+01 4.853225372744229560e+01
9.770270270270270885e+01 4.853225372744229560e+01
9.770270270270270885e+01 4.853225372744229560e+01
9.843750000000000000e+01 4.814120779436028386e+01
9.836283185840709109e+01 4.774965082913658421e+01
9.836283185840709109e+01 4.774965082913658421e+01
9.828947368421052033e+01 4.735757623319898357e+01
9.828947368421052033e+01 4.735757623319898357e+01
9.821739130434784215e+01 4.696497733995480672e+01
9.821739130434784215e+01 4.696497733995480672e+01
9.814655172413792172e+01 4.657184741344958212e+01
9.814655172413792172e+01 4.657184741344958212e+01
9.814655172413792172e+01 4.657184741344958212e+01
9.884615384615383959e+01 4.617817964699639077e+01
9.884615384615383959e+01 4.617817964699639077e+01
9.953389830508473324e+01 4.578396716177500991e+01
9.945378151260504751e+01 4.538920300540004860e+01
9.945378151260504751e+01 4.538920300540004860e+01
9.937500000000000000e+01 4.499388015045713018e+01
9.937500000000000000e+01 4.499388015045713018e+01
9.929752066115702291e+01 4.459799149300625487e+01
9.929752066115702291e+01 4.459799149300625487e+01
9.922131147540983420e+01 4.420152985105137589e+01
9.922131147540983420e+01 4.420152985105137589e+01
9.922131147540983420e+01 4.420152985105137589e+01
9.987804878048781632e+01 4.380448796297494596e+01
9.987804878048781632e+01 4.380448796297494596e+01
1.005241935483871032e+02 4.340685848593698637e+01
1.005241935483871032e+02 4.340685848593698637e+01
1.011599999999999966e+02 4.300863399423691646e+01
1.010714285714285694e+02 4.260980697763761071e+01
1.010714285714285694e+02 4.260980697763761071e+01
1.009842519685039406e+02 4.221036983965020539e+01
1.009842519685039406e+02 4.221036983965020539e+01
1.009842519685039406e+02 4.221036983965020539e+01
1.016015625000000000e+02 4.181031489577860327e+01
1.016015625000000000e+02 4.181031489577860327e+01
1.019531250000000000e+02 4.141118863809926154e+01
1.016015625000000000e+02 4.101449966573051142e+01
1.016015625000000000e+02 4.101449966573051142e+01
1.016015625000000000e+02 4.101449966573051142e+01
1.019531250000000000e+02 4.062018519067269295e+01
1.019531250000000000e+02 4.062018519067269295e+01
1.023046874999999858e+02 4.022818472806110179e+01
1.023046874999999858e+02 4.022818472806110179e+01
1.026562499999999716e+02 3.983843997699909067e+01
1.026562499999999716e+02 3.983843997699909067e+01
1.030078125000000000e+02 3.945089470914607688e+01
1.026562499999999716e+02 3.906549466445260776e+01
1.026562499999999716e+02 3.906549466445260776e+01
1.026562499999999716e+02 3.906549466445260776e+01
1.030078125000000000e+02 3.868218745348945475e+01
1.030078125000000000e+02 3.868218745348945475e+01
1.033593750000000000e+02 3.830092246586769988e+01
1.033593750000000000e+02 3.830092246586769988e+01
1.037109374999999858e+02 3.792165078429178493e+01
1.033593750000000000e+02 3.754432510382694232e+01
1.033593750000000000e+02 3.754432510382694232e+01
1.033593750000000000e+02 3.754432510382694232e+01
1.037109374999999858e+02 3.716889965599943935e+01
1.037109374999999858e+02 3.716889965599943935e+01
1.040625000000000000e+02 3.679533013738011249e+01
1.040625000000000000e+02 3.679533013738011249e+01
1.044140625000000000e+02 3.642357364233115646e+01
1.040625000000000000e+02 3.605358859962301210e+01
1.040625000000000000e+02 3.605358859962301210e+01
1.040625000000000000e+02 3.605358859962301210e+01
1.044140625000000000e+02 3.568533471265205748e+01
1.044140625000000000e+02 3.568533471265205748e+01
1.047656249999999858e+02 3.531877290301154204e+01
1.047656249999999858e+02 3.531877290301154204e+01
1.051171875000000000e+02 3.495386525718846826e+01
1.051171875000000000e+02 3.495386525718846826e+01
1.054687500000000000e+02 3.459057497617661880e+01
1.051171875000000000e+02 3.422886632781258243e+01
1.051171875000000000e+02 3.422886632781258243e+01
1.051171875000000000e+02 3.422886632781258243e+01
1.054687500000000000e+02 3.386870460165650343e+01
1.054687500000000000e+02 3.386870460165650343e+01
1.058203125000000000e+02 3.351005606625300715e+01
1.054687500000000000e+02 3.315288792861988298e+01
1.054687500000000000e+02 3.315288792861988298e+01
1.054687500000000000e+02 3.315288792861988298e+01
1.058203125000000000e+02 3.279716829582363857e+01
1.058203125000000000e+02 3.279716829582363857e+01
1.061718750000000000e+02 3.244286613851178203e+01
1.058203125000000000e+02 3.208995125628031531e+01
1.058203125000000000e+02 3.208995125628031531e+01
1.058203125000000000e+02 3.208995125628031531e+01
1.061718750000000000e+02 3.173839424476444293e+01
1.058203125000000000e+02 3.138816646434855073e+01
1.058203125000000000e+02 3.138816646434855073e+01
1.058203125000000000e+02 3.138816646434855073e+01
1.061718750000000000e+02 3.103924001039789005e+01
1.061718750000000000e+02 3.103924001039789005e+01
1.065234374999999858e+02 3.069158768492233946e+01
1.065234374999999858e+02 3.069158768492233946e+01
1.068749999999999858e+02 3.034518296958825800e+01
1.068749999999999858e+02 3.034518296958825800e+01
1.072265625000000142e+02 3.000000000000001421e+01
1.072265625000000142e+02 3.000000000000001421e+01
1.075781250000000000e+02 2.965601354117841737e+01
1.075781250000000000e+02 2.965601354117841737e+01
1.079296875000000000e+02 2.931319896416835746e+01
1.079296875000000000e+02 2.931319896416835746e+01
1.082812500000000000e+02 2.897153222371129999e+01
1.082812500000000000e+02 2.897153222371129999e+01
1.086328125000000000e+02 2.863098983692434985e+01
1.082812500000000000e+02 2.829154886292940319e+01
1.082812500000000000e+02 2.829154886292940319e+01
1.082812500000000000e+02 2.829154886292940319e+01
1.086328125000000000e+02 2.795318688338112878e+01
1.086328125000000000e+02 2.795318688338112878e+01
1.089843749999999858e+02 2.761588198384470871e+01
1.086328125000000000e+02 2.727961273597808400e+01
1.086328125000000000e+02 2.727961273597808400e+01
1.086328125000000000e+02 2.727961273597808400e+01
1.089843749999999858e+02 2.694435818047572440e+01
1.086328125000000000e+02 2.661009781073390457e+01
1.086328125000000000e+02 2.661009781073390457e+01
1.086328125000000000e+02 2.661009781073390457e+01
1.089843749999999858e+02 2.627681155719998429e+01
1.089843749999999858e+02 2.627681155719998429e+01
1.093359375000000000e+02 2.594447977237000202e+01
1.093359375000000000e+02 2.594447977237000202e+01
1.096874999999999858e+02 2.561308321640180452e+01
1.093359375000000000e+02 2.528260304331199393e+01
1.093359375000000000e+02 2.528260304331199393e+01
1.093359375000000000e+02 2.528260304331199393e+01
1.096874999999999858e+02 2.495302078772749610e+01
1.096874999999999858e+02 2.495302078772749610e+01
1.100390625000000000e+02 2.462431835216408160e+01
1.096874999999999858e+02 2.429647799480565595e+01
1.096874999999999858e+02 2.429647799480565595e+01
1.096874999999999858e+02 2.429647799480565595e+01
1.100390625000000000e+02 2.396948231775967031e+01
1.100390625000000000e+02 2.396948231775967031e+01
1.103906249999999858e+02 2.364331425576557422e+01
1.100390625000000000e+02 2.331795706533425516e+01
1.100390625000000000e+02 2.331795706533425516e+01
1.100390625000000000e+02 2.331795706533425516e+01
1.103906249999999858e+02 2.299339431429781655e+01
1.103906249999999858e+02 2.299339431429781655e+01
1.103906249999999858e+02 2.234658789836113613e+01
1.103906249999999858e+02 2.234658789836113613e+01
1.103906249999999858e+02 2.234658789836113613e+01
1.107421875000000142e+02 2.202431283704217435e+01
1.107421875000000142e+02 2.138194257983889202e+01
1.107421875000000142e+02 2.138194257983889202e+01
1.107421875000000142e+02 2.138194257983889202e+01
1.110937500000000142e+02 2.106181760164930949e+01
1.110937500000000142e+02 2.042361536381095277e+01
1.110937500000000142e+02 2.042361536381095277e+01
1.110937500000000142e+02 2.042361536381095277e+01
1.114453124999999858e+02 2.010550978791602006e+01
1.114453124999999858e+02 1.947122063449069174e+01
1.114453124999999858e+02 1.947122063449069174e+01
1.114453124999999858e+02 1.947122063449069174e+01
1.117968750000000000e+02 1.915501007356373009e+01
1.117968750000000000e+02 1.915501007356373009e+01
1.121484375000000000e+02 1.883940454727546410e+01
1.121484375000000000e+02 1.883940454727546410e+01
1.124999999999999858e+02 1.852439107386580019e+01
1.124999999999999858e+02 1.852439107386580019e+01
1.128515624999999858e+02 1.820995686428300075e+01
1.128515624999999858e+02 1.820995686428300075e+01
1.132031249999999858e+02 1.789608931623463661e+01
1.132031249999999858e+02 1.727000469497446034e+01
1.132031249999999858e+02 1.727000469497446034e+01
1.132031249999999858e+02 1.727000469497446034e+01
1.135546875000000000e+02 1.695776330000413168e+01
1.135546875000000000e+02 1.633482278068599669e+01
1.135546875000000000e+02 1.633482278068599669e+01
1.135546875000000000e+02 1.571386104800821215e+01
1.135546875000000000e+02 1.571386104800821215e+01
1.135546875000000000e+02 1.571386104800821215e+01
1.139062500000000000e+02 1.540409369872548950e+01
1.139062500000000000e+02 1.540409369872548950e+01
1.142578124999999858e+02 1.509478709954319697e+01
1.142578124999999858e+02 1.447751218592992473e+01
1.142578124999999858e+02 1.447751218592992473e+01
1.142578124999999858e+02 1.386194967204863815e+01
1.142578124999999858e+02 1.386194967204863815e+01
1.142578124999999858e+02 1.386194967204863815e+01
1.146093750000000000e+02 1.355478403717899027e+01
1.146093750000000000e+02 1.294163198542335635e+01
1.146093750000000000e+02 1.294163198542335635e+01
1.146093750000000000e+02 1.232998415024295014e+01
1.146093750000000000e+02 1.232998415024295014e+01
1.146093750000000000e+02 1.232998415024295014e+01
1.149609375000000000e+02 1.202469918056581832e+01
1.149609375000000000e+02 1.202469918056581832e+01
1.153124999999999716e+02 1.171976030578878181e+01
1.153124999999999716e+02 1.171976030578878181e+01
1.156640625000000142e+02 1.141515774273048578e+01
1.156640625000000142e+02 1.141515774273048578e+01
1.160156249999999858e+02 1.111088180000326986e+01
1.160156249999999858e+02 1.111088180000326986e+01
1.163671874999999716e+02 1.080692287486034786e+01
1.163671874999999716e+02 1.019991809111630232e+01
1.163671874999999716e+02 1.019991809111630232e+01
1.163671874999999716e+02 1.019991809111630232e+01
1.167187500000000142e+02 9.896853442815881863e+00
1.167187500000000142e+02 9.291553238770262624e+00
1.167187500000000142e+02 9.291553238770262624e+00
1.167187500000000142e+02 8.687297481032459245e+00
1.167187500000000142e+02 8.687297481032459245e+00
1.167187500000000142e+02 8.687297481032459245e+00
1.170703125000000000e+02 8.385538647081332897e+00
1.170703125000000000e+02 7.782714385390946177e+00
1.170703125000000000e+02 7.782714385390946177e+00
1.170703125000000000e+02 7.782714385390946177e+00
1.174218749999999858e+02 7.481631264246956903e+00
1.174218749999999858e+02 6.880079227870638192e+00
1.174218749999999858e+02 6.880079227870638192e+00
1.174218749999999858e+02 6.880079227870638192e+00
1.177734374999999858e+02 6.579592944977633806e+00
1.177734374999999858e+02 6.579592944977633806e+00
1.181250000000000142e+02 6.279288322550272028e+00
1.181250000000000142e+02 6.279288322550272028e+00
1.184765625000000000e+02 5.979156796301310806e+00
1.184765625000000000e+02 5.979156796301310806e+00
1.188281250000000000e+02 5.679189845582371277e+00
1.188281250000000000e+02 5.679189845582371277e+00
1.191796874999999716e+02 5.379378991112062636e+00
1.191796874999999716e+02 4.780191847199148469e+00
1.191796874999999716e+02 4.780191847199148469e+00
1.191796874999999716e+02 4.181528273111467797e+00
1.191796874999999716e+02 4.181528273111467797e+00
1.191796874999999716e+02 3.583321698471976902e+00
1.191796874999999716e+02 3.583321698471976902e+00
1.191796874999999716e+02 3.583321698471976902e+00
1.195312500000000000e+02 3.284369108365794432e+00
1.195312500000000000e+02 3.284369108365794432e+00
1.198828124999999858e+02 2.985506005746543678e+00
1.198828124999999858e+02 2.388015463268772010e+00
1.198828124999999858e+02 2.388015463268772010e+00
1.198828124999999858e+02 2.388015463268772010e+00
1.202343749999999716e+02 2.089371671498611249e+00
1.202343749999999716e+02 2.089371671498611249e+00
1.205859375000000142e+02 1.790784659328949147e+00
1.205859375000000142e+02 1.790784659328949147e+00
1.209375000000000000e+02 1.492246289620354105e+00
1.209375000000000000e+02 1.492246289620354105e+00
1.212890624999999858e+02 1.193748437141081808e+00
1.212890624999999858e+02 5.968418305070173346e-01
1.212890624999999858e+02 5.968418305070173346e-01
1.212890624999999858e+02 0.000000000000000000e+00
1.212890624999999858e+02 0.000000000000000000e+00
1.212890624999999858e+02 0.000000000000000000e+00
1.216406249999999858e+02 -2.984168674869351889e-01
1.216406249999999858e+02 -8.952829865701232848e-01
1.216406249999999858e+02 -8.952829865701232848e-01
1.216406249999999858e+02 -8.952829865701232848e-01
1.219921875000000000e+02 -1.193748437141081808e+00
1.219921875000000000e+02 -1.193748437141081808e+00
1.223437499999999858e+02 -1.492246289620354105e+00
1.223437499999999858e+02 -2.089371671498611249e+00
1.223437499999999858e+02 -2.089371671498611249e+00
1.223437499999999858e+02 -2.089371671498611249e+00
1.226953125000000142e+02 -2.388015463268772010e+00
1.226953125000000142e+02 -2.388015463268772010e+00
1.230468749999999574e+02 -2.686724185691588218e+00
1.230468749999999574e+02 -2.686724185691588218e+00
1.233984375000000000e+02 -2.985506005746543678e+00
1.233984375000000000e+02 -2.985506005746543678e+00
1.237499999999999858e+02 -3.284369108365794432e+00
1.237499999999999858e+02 -3.882372003029573193e+00
1.237499999999999858e+02 -3.882372003029573193e+00
1.237499999999999858e+02 -4.480798785982216259e+00
1.237499999999999858e+02 -4.480798785982216259e+00
1.237499999999999858e+02 -5.079715792733466628e+00
1.237499999999999858e+02 -5.079715792733466628e+00
1.237499999999999858e+02 -5.079715792733466628e+00
1.241015624999999716e+02 -5.379378991112076847e+00
1.241015624999999716e+02 -5.379378991112076847e+00
1.244531250000000142e+02 -5.679189845582371277e+00
1.244531250000000142e+02 -5.679189845582371277e+00
1.248046875000000000e+02 -5.979156796301310806e+00
1.248046875000000000e+02 -6.579592944977633806e+00
1.248046875000000000e+02 -6.579592944977633806e+00
1.248046875000000000e+02 -6.579592944977633806e+00
1.251562499999999858e+02 -6.880079227870652403e+00
1.251562499999999858e+02 -6.880079227870652403e+00
1.255078125000000000e+02 -7.180755781458287856e+00
1.255078125000000000e+02 -7.180755781458287856e+00
1.258593750000000000e+02 -7.481631264246956903e+00
1.258593750000000000e+02 -7.481631264246956903e+00
1.258593750000000000e+02 -7.481631264246956903e+00
1.262109374999999858e+02 -7.180755781458287856e+00
1.265625000000000142e+02 -7.481631264246956903e+00
1.265625000000000142e+02 -7.481631264246956903e+00
1.265625000000000142e+02 -7.481631264246956903e+00
1.269140624999999574e+02 -7.180755781458287856e+00
1.272656250000000000e+02 -7.481631264246956903e+00
1.272656250000000000e+02 -8.084013907099304674e+00
1.272656250000000000e+02 -8.084013907099304674e+00
1.272656250000000000e+02 -8.084013907099304674e+00
1.276171875000000142e+02 -8.385538647081318686e+00
1.276171875000000142e+02 -8.385538647081318686e+00
1.279687499999999716e+02 -8.687297481032445035e+00
1.279687499999999716e+02 -8.687297481032445035e+00
1.283203125000000000e+02 -8.989299345162805821e+00
1.283203125000000000e+02 -8.989299345162805821e+00
1.283203125000000000e+02 -8.989299345162805821e+00
1.286718750000000000e+02 -8.687297481032445035e+00
1.290234374999999716e+02 -8.989299345162805821e+00
1.290234374999999716e+02 -8.989299345162805821e+00
1.290234374999999716e+02 -8.989299345162805821e+00
1.293750000000000000e+02 -8.687297481032445035e+00
1.297265625000000000e+02 -8.989299345162805821e+00
1.297265625000000000e+02 -8.989299345162805821e+00
1.297265625000000000e+02 -8.989299345162805821e+00
1.300781250000000000e+02 -8.687297481032445035e+00
1.304296875000000000e+02 -8.989299345162805821e+00
1.304296875000000000e+02 -8.989299345162805821e+00
1.307812499999999716e+02 -9.291553238770262624e+00
1.307812499999999716e+02 -9.291553238770262624e+00
1.307812499999999716e+02 -9.291553238770262624e+00
1.311328125000000000e+02 -8.989299345162805821e+00
1.314843750000000000e+02 -9.291553238770262624e+00
1.314843750000000000e+02 -9.291553238770262624e+00
1.314843750000000000e+02 -9.291553238770262624e+00
1.318359374999999716e+02 -8.989299345162805821e+00
1.321875000000000000e+02 -9.291553238770262624e+00
1.321875000000000000e+02 -9.291553238770262624e+00
1.321875000000000000e+02 -9.291553238770262624e+00
1.325390625000000000e+02 -8.989299345162805821e+00
1.325390625000000000e+02 -8.989299345162805821e+00
1.328906249999999716e+02 -8.687297481032445035e+00
1.332421875000000000e+02 -8.989299345162805821e+00
1.332421875000000000e+02 -8.989299345162805821e+00
1.335937500000000000e+02 -9.291553238770262624e+00
1.335937500000000000e+02 -9.291553238770262624e+00
1.335937500000000000e+02 -9.291553238770262624e+00
1.339453125000000000e+02 -8.989299345162805821e+00
1.342968750000000000e+02 -9.291553238770262624e+00
1.342968750000000000e+02 -9.291553238770262624e+00
1.342968750000000000e+02 -9.291553238770262624e+00
1.346484374999999716e+02 -8.989299345162805821e+00
1.350000000000000000e+02 -9.291553238770262624e+00
1.350000000000000000e+02 -9.291553238770262624e+00
1.350000000000000000e+02 -9.291553238770262624e+00
1.353515625000000284e+02 -8.989299345162805821e+00
1.357031249999999716e+02 -9.291553238770262624e+00
1.357031249999999716e+02 -9.291553238770262624e+00
1.357031249999999716e+02 -9.291553238770262624e+00
1.360546875000000000e+02 -8.989299345162805821e+00
1.364062500000000000e+02 -9.291553238770262624e+00
1.364062500000000000e+02 -9.291553238770262624e+00
1.364062500000000000e+02 -9.291553238770262624e+00
1.367578124999999716e+02 -8.989299345162805821e+00
1.371093750000000000e+02 -9.291553238770262624e+00
1.371093750000000000e+02 -9.291553238770262624e+00
1.371093750000000000e+02 -9.291553238770262624e+00
1.374609375000000000e+02 -8.989299345162805821e+00
1.374609375000000000e+02 -8.989299345162805821e+00
1.378124999999999716e+02 -8.687297481032445035e+00
1.381640625000000000e+02 -8.989299345162805821e+00
1.381640625000000000e+02 -8.989299345162805821e+00
1.385156249999999432e+02 -9.291553238770262624e+00
1.385156249999999432e+02 -9.291553238770262624e+00
1.385156249999999432e+02 -9.291553238770262624e+00
1.388671875000000000e+02 -8.989299345162805821e+00
1.392187500000000000e+02 -9.291553238770262624e+00
1.392187500000000000e+02 -9.291553238770262624e+00
1.392187500000000000e+02 -9.291553238770262624e+00
1.395703124999999716e+02 -8.989299345162805821e+00
1.399218750000000284e+02 -9.291553238770262624e+00
1.399218750000000284e+02 -9.291553238770262624e+00
1.399218750000000284e+02 -9.291553238770262624e+00
1.402734375000000000e+02 -8.989299345162805821e+00
1.406250000000000000e+02 -9.291553238770262624e+00
1.406250000000000000e+02 -9.291553238770262624e+00
1.406250000000000000e+02 -9.291553238770262624e+00
1.409765625000000000e+02 -8.989299345162805821e+00
1.409765625000000000e+02 -8.989299345162805821e+00
1.413281250000000000e+02 -8.687297481032445035e+00
1.416796875000000000e+02 -8.989299345162805821e+00
1.416796875000000000e+02 -8.989299345162805821e+00
1.416796875000000000e+02 -8.989299345162805821e+00
1.420312500000000000e+02 -8.687297481032445035e+00
1.423828124999999716e+02 -8.989299345162805821e+00
1.423828124999999716e+02 -8.989299345162805821e+00
1.423828124999999716e+02 -8.989299345162805821e+00
1.427343750000000000e+02 -8.687297481032445035e+00
1.430859375000000000e+02 -8.989299345162805821e+00
1.430859375000000000e+02 -8.989299345162805821e+00
1.430859375000000000e+02 -8.989299345162805821e+00
1.434374999999999716e+02 -8.687297481032445035e+00
1.437890625000000000e+02 -8.989299345162805821e+00
1.437890625000000000e+02 -8.989299345162805821e+00
1.441406250000000000e+02 -9.291553238770262624e+00
1.441406250000000000e+02 -9.291553238770262624e+00
1.441406250000000000e+02 -9.291553238770262624e+00
1.444921874999999716e+02 -8.989299345162805821e+00
1.444921874999999716e+02 -8.989299345162805821e+00
1.448437500000000000e+02 -8.687297481032445035e+00
1.451953125000000000e+02 -8.989299345162805821e+00
1.451953125000000000e+02 -8.989299345162805821e+00
1.455468750000000000e+02 -9.291553238770262624e+00
1.455468750000000000e+02 -9.291553238770262624e+00
1.455468750000000000e+02 -9.291553238770262624e+00
1.458984375000000000e+02 -8.989299345162805821e+00
1.458984375000000000e+02 -8.989299345162805821e+00
1.462500000000000284e+02 -8.687297481032445035e+00
1.466015625000000000e+02 -8.989299345162805821e+00
1.466015625000000000e+02 -8.989299345162805821e+00
1.466015625000000000e+02 -8.989299345162805821e+00
1.469531250000000000e+02 -8.687297481032445035e+00
1.473046874999999716e+02 -8.989299345162805821e+00
1.473046874999999716e+02 -8.989299345162805821e+00
1.473046874999999716e+02 -8.989299345162805821e+00
1.476562500000000000e+02 -8.687297481032445035e+00
1.480078125000000000e+02 -8.989299345162805821e+00
1.480078125000000000e+02 -8.989299345162805821e+00
1.480078125000000000e+02 -8.989299345162805821e+00
1.483593749999999716e+02 -8.687297481032445035e+00
1.487109374999999716e+02 -8.989299345162805821e+00
1.487109374999999716e+02 -8.989299345162805821e+00
1.487109374999999716e+02 -8.989299345162805821e+00
1.490625000000000000e+02 -8.687297481032445035e+00
1.494140625000000000e+02 -8.989299345162805821e+00
1.494140625000000000e+02 -8.989299345162805821e+00
1.494140625000000000e+02 -8.989299345162805821e+00
1.497656250000000000e+02 -8.687297481032445035e+00
1.501171875000000000e+02 -8.989299345162805821e+00
1.501171875000000000e+02 -8.989299345162805821e+00
1.501171875000000000e+02 -8.989299345162805821e+00
1.504687500000000000e+02 -8.687297481032445035e+00
1.508203125000000284e+02 -8.989299345162805821e+00
1.508203125000000284e+02 -8.989299345162805821e+00
1.508203125000000284e+02 -8.989299345162805821e+00
1.511718749999999716e+02 -8.687297481032445035e+00
1.511718749999999716e+02 -8.687297481032445035e+00
1.515234375000000000e+02 -8.385538647081318686e+00
1.518750000000000000e+02 -8.687297481032445035e+00
1.518750000000000000e+02 -8.687297481032445035e+00
1.518750000000000000e+02 -8.687297481032445035e+00
1.522265624999999716e+02 -8.385538647081318686e+00
1.525781250000000000e+02 -8.687297481032445035e+00
1.525781250000000000e+02 -8.687297481032445035e+00
1.529296875000000000e+02 -8.989299345162805821e+00
1.529296875000000000e+02 -8.989299345162805821e+00
1.529296875000000000e+02 -8.989299345162805821e+00
1.532812499999999716e+02 -8.687297481032445035e+00
1.536328125000000000e+02 -8.989299345162805821e+00
1.536328125000000000e+02 -8.989299345162805821e+00
1.536328125000000000e+02 -8.989299345162805821e+00
1.539843750000000000e+02 -8.687297481032445035e+00
1.543359375000000000e+02 -8.989299345162805821e+00
1.543359375000000000e+02 -8.989299345162805821e+00
1.546875000000000000e+02 -9.291553238770262624e+00
1.546875000000000000e+02 -9.291553238770262624e+00
1.546875000000000000e+02 -9.291553238770262624e+00
1.550390624999999716e+02 -8.989299345162805821e+00
1.553906249999999716e+02 -9.291553238770262624e+00
1.553906249999999716e+02 -9.291553238770262624e+00
1.553906249999999716e+02 -9.291553238770262624e+00
1.557421875000000000e+02 -8.989299345162805821e+00
1.560937500000000000e+02 -9.291553238770262624e+00
1.560937500000000000e+02 -9.291553238770262624e+00
1.560937500000000000e+02 -9.291553238770262624e+00
1.564453125000000000e+02 -8.989299345162805821e+00
1.567968750000000000e+02 -9.291553238770262624e+00
1.567968750000000000e+02 -9.291553238770262624e+00
1.567968750000000000e+02 -9.291553238770262624e+00
1.571484374999999716e+02 -8.989299345162805821e+00
1.575000000000000000e+02 -9.291553238770262624e+00
1.575000000000000000e+02 -9.291553238770262624e+00
1.575000000000000000e+02 -9.291553238770262624e+00
1.578515625000000000e+02 -8.989299345162805821e+00
1.582031250000000000e+02 -9.291553238770262624e+00
1.582031250000000000e+02 -9.291553238770262624e+00
1.582031250000000000e+02 -9.291553238770262624e+00
1.585546875000000000e+02 -8.989299345162805821e+00
1.589062499999999716e+02 -9.291553238770262624e+00
1.589062499999999716e+02 -9.291553238770262624e+00
1.592578124999999716e+02 -9.594068226860457571e+00
1.592578124999999716e+02 -9.594068226860457571e+00
1.592578124999999716e+02 -9.594068226860457571e+00
1.596093750000000000e+02 -9.291553238770262624e+00
1.596093750000000000e+02 -9.291553238770262624e+00
1.599609374999999716e+02 -8.989299345162805821e+00
1.603125000000000000e+02 -9.291553238770262624e+00
1.603125000000000000e+02 -9.291553238770262624e+00
1.606640625000000000e+02 -9.594068226860457571e+00
1.606640625000000000e+02 -9.594068226860457571e+00
1.606640625000000000e+02 -9.594068226860457571e+00
1.610156249999999716e+02 -9.291553238770262624e+00
1.613671875000000000e+02 -9.594068226860457571e+00
1.613671875000000000e+02 -9.594068226860457571e+00
1.613671875000000000e+02 -9.594068226860457571e+00
1.617187500000000284e+02 -9.291553238770262624e+00
1.620703125000000000e+02 -9.594068226860457571e+00
1.620703125000000000e+02 -9.594068226860457571e+00
1.620703125000000000e+02 -9.594068226860457571e+00
1.624218750000000000e+02 -9.291553238770262624e+00
1.627734374999999716e+02 -9.594068226860457571e+00
1.627734374999999716e+02 -9.594068226860457571e+00
1.627734374999999716e+02 -9.594068226860457571e+00
1.631249999999999716e+02 -9.291553238770262624e+00
1.634765625000000000e+02 -9.594068226860457571e+00
1.634765625000000000e+02 -9.594068226860457571e+00
1.634765625000000000e+02 -9.594068226860457571e+00
1.638281249999999716e+02 -9.291553238770262624e+00
1.641796874999999716e+02 -9.594068226860457571e+00
1.641796874999999716e+02 -9.594068226860457571e+00
1.641796874999999716e+02 -9.594068226860457571e+00
1.645312500000000000e+02 -9.291553238770262624e+00
1.648828124999999432e+02 -9.594068226860457571e+00
1.648828124999999432e+02 -9.594068226860457571e+00
1.648828124999999432e+02 -9.594068226860457571e+00
1.652343750000000000e+02 -9.291553238770262624e+00
1.655859375000000000e+02 -9.594068226860457571e+00
1.655859375000000000e+02 -9.594068226860457571e+00
1.655859375000000000e+02 -9.594068226860457571e+00
1.659375000000000000e+02 -9.291553238770262624e+00
1.662890625000000284e+02 -9.594068226860457571e+00
1.662890625000000284e+02 -9.594068226860457571e+00
1.662890625000000284e+02 -9.594068226860457571e+00
1.666406249999999716e+02 -9.291553238770262624e+00
1.669921875000000000e+02 -9.594068226860457571e+00
1.669921875000000000e+02 -9.594068226860457571e+00
1.669921875000000000e+02 -9.594068226860457571e+00
1.673437500000000000e+02 -9.291553238770262624e+00
1.676953124999999716e+02 -9.594068226860457571e+00
1.676953124999999716e+02 -9.594068226860457571e+00
1.676953124999999716e+02 -9.594068226860457571e+00
1.680468750000000000e+02 -9.291553238770262624e+00
1.683984375000000000e+02 -9.594068226860457571e+00
1.683984375000000000e+02 -9.594068226860457571e+00
1.683984375000000000e+02 -9.594068226860457571e+00
1.687499999999999716e+02 -9.291553238770262624e+00
1.691015624999999716e+02 -9.594068226860457571e+00
1.691015624999999716e+02 -9.594068226860457571e+00
1.691015624999999716e+02 -9.594068226860457571e+00
1.694531250000000284e+02 -9.291553238770262624e+00
1.698046875000000000e+02 -9.594068226860457571e+00
1.698046875000000000e+02 -9.594068226860457571e+00
1.698046875000000000e+02 -9.594068226860457571e+00
1.701562500000000000e+02 -9.291553238770262624e+00
1.705078124999999716e+02 -9.594068226860457571e+00
1.705078124999999716e+02 -9.594068226860457571e+00
1.705078124999999716e+02 -9.594068226860457571e+00
1.708593749999999716e+02 -9.291553238770262624e+00
1.712109374999999716e+02 -9.594068226860457571e+00
1.712109374999999716e+02 -9.594068226860457571e+00
1.712109374999999716e+02 -9.594068226860457571e+00
1.715624999999999716e+02 -9.291553238770262624e+00
1.719140625000000000e+02 -9.594068226860457571e+00
1.719140625000000000e+02 -9.594068226860457571e+00
1.719140625000000000e+02 -9.594068226860457571e+00
1.722656250000000000e+02 -9.291553238770262624e+00
1.726171875000000000e+02 -9.594068226860457571e+00
1.726171875000000000e+02 -9.594068226860457571e+00
1.726171875000000000e+02 -9.594068226860457571e+00
1.729687500000000000e+02 -9.291553238770262624e+00
1.733203125000000000e+02 -9.594068226860457571e+00
1.733203125000000000e+02 -9.594068226860457571e+00
1.733203125000000000e+02 -9.594068226860457571e+00
1.736718749999999716e+02 -9.291553238770262624e+00
1.740234375000000284e+02 -9.594068226860457571e+00
1.740234375000000284e+02 -9.594068226860457571e+00
1.740234375000000284e+02 -9.594068226860457571e+00
1.743749999999999432e+02 -9.291553238770262624e+00
1.747265625000000000e+02 -9.594068226860457571e+00
1.747265625000000000e+02 -9.594068226860457571e+00
1.747265625000000000e+02 -9.594068226860457571e+00
1.750781250000000000e+02 -9.291553238770262624e+00
1.754296874999999716e+02 -9.594068226860457571e+00
1.754296874999999716e+02 -9.594068226860457571e+00
1.754296874999999716e+02 -9.594068226860457571e+00
1.757812499999999716e+02 -9.291553238770262624e+00
1.761328124999999716e+02 -9.594068226860457571e+00
1.761328124999999716e+02 -9.594068226860457571e+00
1.761328124999999716e+02 -9.594068226860457571e+00
1.764843750000000000e+02 -9.291553238770262624e+00
1.768359375000000000e+02 -9.594068226860457571e+00
1.768359375000000000e+02 -9.594068226860457571e+00
1.768359375000000000e+02 -9.594068226860457571e+00
1.771875000000000000e+02 -9.291553238770262624e+00
1.775390625000000000e+02 -9.594068226860457571e+00
1.775390625000000000e+02 -9.594068226860457571e+00
1.775390625000000000e+02 -9.594068226860457571e+00
1.778906250000000000e+02 -9.291553238770262624e+00
1.782421874999999716e+02 -9.594068226860457571e+00
1.782421874999999716e+02 -9.594068226860457571e+00
1.782421874999999716e+02 -9.594068226860457571e+00
1.785937499999999716e+02 -9.291553238770262624e+00
1.789453125000000000e+02 -9.594068226860457571e+00
1.789453125000000000e+02 -9.594068226860457571e+00
1.789453125000000000e+02 -9.594068226860457571e+00
1.792968750000000000e+02 -9.291553238770262624e+00
1.796484375000000000e+02 -9.594068226860457571e+00
1.796484375000000000e+02 -9.594068226860457571e+00
1.796484375000000000e+02 -9.594068226860457571e+00
1.800000000000000000e+02 -9.291553238770262624e+00
1.803515624999999716e+02 -9.594068226860457571e+00
1.803515624999999716e+02 -9.594068226860457571e+00
1.803515624999999716e+02 -9.594068226860457571e+00
1.807031249999999716e+02 -9.291553238770262624e+00
1.810546874999999716e+02 -9.594068226860457571e+00
1.810546874999999716e+02 -9.594068226860457571e+00
1.810546874999999716e+02 -9.594068226860457571e+00
1.814062499999999432e+02 -9.291553238770262624e+00
1.817578125000000000e+02 -9.594068226860457571e+00
1.817578125000000000e+02 -9.594068226860457571e+00
1.817578125000000000e+02 -9.594068226860457571e+00
1.821093749999999147e+02 -9.291553238770262624e+00
1.824609374999999716e+02 -9.594068226860457571e+00
1.824609374999999716e+02 -9.594068226860457571e+00
1.824609374999999716e+02 -9.594068226860457571e+00
1.828124999999999716e+02 -9.291553238770262624e+00
1.831640624999999432e+02 -9.594068226860457571e+00
1.831640624999999432e+02 -9.594068226860457571e+00
1.831640624999999432e+02 -9.594068226860457571e+00
1.835156249999999432e+02 -9.291553238770262624e+00
1.838671875000000000e+02 -9.594068226860457571e+00
1.838671875000000000e+02 -9.594068226860457571e+00
1.838671875000000000e+02 -9.594068226860457571e+00
1.842187499999999716e+02 -9.291553238770262624e+00
1.845703124999999716e+02 -9.594068226860457571e+00
1.845703124999999716e+02 -9.594068226860457571e+00
1.845703124999999716e+02 -9.594068226860457571e+00
1.849218749999999716e+02 -9.291553238770262624e+00
1.852734374999999716e+02 -9.594068226860457571e+00
1.852734374999999716e+02 -9.594068226860457571e+00
1.852734374999999716e+02 -9.594068226860457571e+00
1.856249999999999716e+02 -9.291553238770262624e+00
1.859765624999999432e+02 -9.594068226860457571e+00
1.859765624999999432e+02 -9.594068226860457571e+00
1.859765624999999432e+02 -9.594068226860457571e+00
1.863281249999999432e+02 -9.291553238770262624e+00
1.866796874999999716e+02 -9.594068226860457571e+00
1.866796874999999716e+02 -9.594068226860457571e+00
1.866796874999999716e+02 -9.594068226860457571e+00
1.870312499999999716e+02 -9.291553238770262624e+00
1.873828124999999716e+02 -9.594068226860457571e+00
1.873828124999999716e+02 -9.594068226860457571e+00
1.873828124999999716e+02 -9.594068226860457571e+00
1.877343749999999716e+02 -9.291553238770262624e+00
1.880859374999999432e+02 -9.594068226860457571e+00
1.880859374999999432e+02 -9.594068226860457571e+00
1.880859374999999432e+02 -9.594068226860457571e+00
1.884375000000000000e+02 -9.291553238770262624e+00
1.887890625000000000e+02 -9.594068226860457571e+00
1.887890625000000000e+02 -9.594068226860457571e+00
1.887890625000000000e+02 -9.594068226860457571e+00
1.891406249999999716e+02 -9.291553238770262624e+00
1.894921874999999716e+02 -9.594068226860457571e+00
1.894921874999999716e+02 -9.594068226860457571e+00
1.894921874999999716e+02 -9.594068226860457571e+00
1.898437499999999432e+02 -9.291553238770262624e+00
1.901953124999999716e+02 -9.594068226860457571e+00
1.901953124999999716e+02 -9.594068226860457571e+00
1.901953124999999716e+02 -9.594068226860457571e+00
1.905468749999999432e+02 -9.291553238770262624e+00
1.908984375000000000e+02 -9.594068226860457571e+00
1.908984375000000000e+02 -9.594068226860457571e+00
1.908984375000000000e+02 -9.594068226860457571e+00
1.912500000000000000e+02 -9.291553238770262624e+00
1.916015625000000000e+02 -9.594068226860457571e+00
1.916015625000000000e+02 -9.594068226860457571e+00
1.916015625000000000e+02 -9.594068226860457571e+00
1.919531249999999716e+02 -9.291553238770262624e+00
1.923046874999999716e+02 -9.594068226860457571e+00
1.923046874999999716e+02 -9.594068226860457571e+00
1.923046874999999716e+02 -9.594068226860457571e+00
1.926562500000000284e+02 -9.291553238770262624e+00
1.930078124999999716e+02 -9.594068226860457571e+00
1.930078124999999716e+02 -9.594068226860457571e+00
1.930078124999999716e+02 -9.594068226860457571e+00
1.933593750000000000e+02 -9.291553238770262624e+00
1.937109374999999716e+02 -9.594068226860457571e+00
1.937109374999999716e+02 -9.594068226860457571e+00
1.937109374999999716e+02 -9.594068226860457571e+00
1.940624999999999716e+02 -9.291553238770262624e+00
1.944140624999999716e+02 -9.594068226860457571e+00
1.944140624999999716e+02 -9.594068226860457571e+00
1.944140624999999716e+02 -9.594068226860457571e+00
1.947656249999999432e+02 -9.291553238770262624e+00
1.951171875000000284e+02 -9.594068226860457571e+00
1.951171875000000284e+02 -9.594068226860457571e+00
1.951171875000000284e+02 -9.594068226860457571e+00
1.954687499999999716e+02 -9.291553238770262624e+00
1.958203124999999432e+02 -9.594068226860457571e+00
1.958203124999999432e+02 -9.594068226860457571e+00
1.958203124999999432e+02 -9.594068226860457571e+00
1.961718749999999716e+02 -9.291553238770262624e+00
1.965234375000000000e+02 -9.594068226860457571e+00
1.965234375000000000e+02 -9.594068226860457571e+00
1.965234375000000000e+02 -9.594068226860457571e+00
1.968749999999999716e+02 -9.291553238770262624e+00
1.972265625000000000e+02 -9.594068226860457571e+00
1.972265625000000000e+02 -9.594068226860457571e+00
1.972265625000000000e+02 -9.594068226860457571e+00
1.975781249999999432e+02 -9.291553238770262624e+00
1.979296875000000000e+02 -9.594068226860457571e+00
1.979296875000000000e+02 -9.594068226860457571e+00
1.979296875000000000e+02 -9.594068226860457571e+00
1.982812499999999432e+02 -9.291553238770262624e+00
1.986328124999999716e+02 -9.594068226860457571e+00
1.986328124999999716e+02 -9.594068226860457571e+00
1.986328124999999716e+02 -9.594068226860457571e+00
1.989843750000000000e+02 -9.291553238770262624e+00
1.993359375000000000e+02 -9.594068226860457571e+00
1.993359375000000000e+02 -9.594068226860457571e+00
1.993359375000000000e+02 -9.594068226860457571e+00
1.996874999999999716e+02 -9.291553238770262624e+00
2.000390624999999716e+02 -9.594068226860457571e+00
2.000390624999999716e+02 -9.594068226860457571e+00
2.000390624999999716e+02 -9.594068226860457571e+00
2.003906250000000000e+02 -9.291553238770262624e+00
2.007421875000000000e+02 -9.594068226860457571e+00
2.007421875000000000e+02 -9.594068226860457571e+00
2.007421875000000000e+02 -9.594068226860457571e+00
2.010937500000000000e+02 -9.291553238770262624e+00
2.014453124999999432e+02 -9.594068226860457571e+00
2.014453124999999432e+02 -9.594068226860457571e+00
2.014453124999999432e+02 -9.594068226860457571e+00
2.017968749999999432e+02 -9.291553238770262624e+00
2.021484374999999716e+02 -9.594068226860457571e+00
2.021484374999999716e+02 -9.594068226860457571e+00
2.021484374999999716e+02 -9.594068226860457571e+00
2.024999999999999432e+02 -9.291553238770262624e+00
2.028515625000000284e+02 -9.594068226860457571e+00
2.028515625000000284e+02 -9.594068226860457571e+00
2.028515625000000284e+02 -9.594068226860457571e+00
2.032031250000000000e+02 -9.291553238770262624e+00
2.035546874999999716e+02 -9.594068226860457571e+00
2.035546874999999716e+02 -9.594068226860457571e+00
2.035546874999999716e+02 -9.594068226860457571e+00
2.039062499999999716e+02 -9.291553238770262624e+00
2.042578124999999716e+02 -9.594068226860457571e+00
2.042578124999999716e+02 -9.594068226860457571e+00
2.042578124999999716e+02 -9.594068226860457571e+00
2.046093749999999716e+02 -9.291553238770262624e+00
2.049609374999999716e+02 -9.594068226860457571e+00
2.049609374999999716e+02 -9.594068226860457571e+00
2.049609374999999716e+02 -9.594068226860457571e+00
2.053124999999999432e+02 -9.291553238770262624e+00
2.056640624999999716e+02 -9.594068226860457571e+00
2.056640624999999716e+02 -9.594068226860457571e+00
2.056640624999999716e+02 -9.594068226860457571e+00
2.060156249999999716e+02 -9.291553238770262624e+00
2.063671874999999432e+02 -9.594068226860457571e+00
2.063671874999999432e+02 -9.594068226860457571e+00
2.063671874999999432e+02 -9.594068226860457571e+00
2.067187499999999716e+02 -9.291553238770262624e+00
2.070703124999999716e+02 -9.594068226860457571e+00
2.070703124999999716e+02 -9.594068226860457571e+00
2.070703124999999716e+02 -9.594068226860457571e+00
2.074218749999999716e+02 -9.291553238770262624e+00
2.077734374999999432e+02 -9.594068226860457571e+00
2.077734374999999432e+02 -9.594068226860457571e+00
2.077734374999999432e+02 -9.594068226860457571e+00
2.081250000000000000e+02 -9.291553238770262624e+00
2.084765624999999716e+02 -9.594068226860457571e+00
2.084765624999999716e+02 -9.594068226860457571e+00
2.084765624999999716e+02 -9.594068226860457571e+00
2.088281250000000000e+02 -9.291553238770262624e+00
2.088281250000000000e+02 -9.291553238770262624e+00
2.091796874999999716e+02 -8.989299345162805821e+00
2.095312499999999432e+02 -9.291553238770262624e+00
2.095312499999999432e+02 -9.291553238770262624e+00
2.098828124999999432e+02 -9.594068226860457571e+00
2.098828124999999432e+02 -9.594068226860457571e+00
2.098828124999999432e+02 -9.594068226860457571e+00
2.102343749999999432e+02 -9.291553238770262624e+00
2.105859375000000000e+02 -9.594068226860457571e+00
2.105859375000000000e+02 -9.594068226860457571e+00
2.105859375000000000e+02 -9.594068226860457571e+00
2.109374999999999716e+02 -9.291553238770262624e+00
2.112890624999999716e+02 -9.594068226860457571e+00
2.112890624999999716e+02 -9.594068226860457571e+00
2.112890624999999716e+02 -9.594068226860457571e+00
2.116406250000000000e+02 -9.291553238770262624e+00
2.116406250000000000e+02 -9.291553238770262624e+00
2.119921875000000284e+02 -8.989299345162805821e+00
2.123437499999999432e+02 -9.291553238770262624e+00
2.123437499999999432e+02 -9.291553238770262624e+00
2.123437499999999432e+02 -9.291553238770262624e+00
2.126953125000000000e+02 -8.989299345162805821e+00
2.130468749999999147e+02 -9.291553238770262624e+00
2.130468749999999147e+02 -9.291553238770262624e+00
2.130468749999999147e+02 -9.291553238770262624e+00
2.133984374999999716e+02 -8.989299345162805821e+00
2.137499999999999716e+02 -9.291553238770262624e+00
2.137499999999999716e+02 -9.291553238770262624e+00
2.137499999999999716e+02 -9.291553238770262624e+00
2.141015624999999432e+02 -8.989299345162805821e+00
2.144531249999999716e+02 -9.291553238770262624e+00
2.144531249999999716e+02 -9.291553238770262624e+00
2.144531249999999716e+02 -9.291553238770262624e+00
2.148046875000000000e+02 -8.989299345162805821e+00
2.148046875000000000e+02 -8.989299345162805821e+00
2.151562500000000000e+02 -8.687297481032445035e+00
2.155078124999999716e+02 -8.989299345162805821e+00
2.155078124999999716e+02 -8.989299345162805821e+00
2.155078124999999716e+02 -8.989299345162805821e+00
2.158593750000000000e+02 -8.687297481032445035e+00
2.162109374999999716e+02 -8.989299345162805821e+00
2.162109374999999716e+02 -8.989299345162805821e+00
2.162109374999999716e+02 -8.989299345162805821e+00
2.165624999999999716e+02 -8.687297481032445035e+00
2.169140624999999432e+02 -8.989299345162805821e+00
2.169140624999999432e+02 -8.989299345162805821e+00
2.169140624999999432e+02 -8.989299345162805821e+00
2.172656250000000000e+02 -8.687297481032445035e+00
2.176171875000000000e+02 -8.989299345162805821e+00
2.176171875000000000e+02 -8.989299345162805821e+00
2.176171875000000000e+02 -8.989299345162805821e+00
2.179687499999999716e+02 -8.687297481032445035e+00
2.183203125000000000e+02 -8.989299345162805821e+00
2.183203125000000000e+02 -8.989299345162805821e+00
2.183203125000000000e+02 -8.989299345162805821e+00
2.186718750000000000e+02 -8.687297481032445035e+00
2.190234374999999432e+02 -8.989299345162805821e+00
2.190234374999999432e+02 -8.989299345162805821e+00
2.190234374999999432e+02 -8.989299345162805821e+00
2.193749999999999716e+02 -8.687297481032445035e+00
2.197265625000000000e+02 -8.989299345162805821e+00
2.197265625000000000e+02 -8.989299345162805821e+00
2.197265625000000000e+02 -8.989299345162805821e+00
2.200781250000000000e+02 -8.687297481032445035e+00
2.204296875000000000e+02 -8.989299345162805821e+00
2.204296875000000000e+02 -8.989299345162805821e+00
2.204296875000000000e+02 -8.989299345162805821e+00
2.207812499999999716e+02 -8.687297481032445035e+00
2.211328124999999432e+02 -8.989299345162805821e+00
2.211328124999999432e+02 -8.989299345162805821e+00
2.211328124999999432e+02 -8.989299345162805821e+00
2.214843749999999716e+02 -8.687297481032445035e+00
2.218359374999999432e+02 -8.989299345162805821e+00
2.218359374999999432e+02 -8.989299345162805821e+00
2.218359374999999432e+02 -8.989299345162805821e+00
2.221875000000000284e+02 -8.687297481032445035e+00
2.225390625000000000e+02 -8.989299345162805821e+00
2.225390625000000000e+02 -8.989299345162805821e+00
2.225390625000000000e+02 -8.989299345162805821e+00
2.228906249999999716e+02 -8.687297481032445035e+00
2.232421875000000000e+02 -8.989299345162805821e+00
2.232421875000000000e+02 -8.989299345162805821e+00
2.232421875000000000e+02 -8.989299345162805821e+00
2.235937499999999716e+02 -8.687297481032445035e+00
2.239453124999999716e+02 -8.989299345162805821e+00
2.239453124999999716e+02 -8.989299345162805821e+00
2.239453124999999716e+02 -8.989299345162805821e+00
2.242968750000000000e+02 -8.687297481032445035e+00
2.246484374999999432e+02 -8.989299345162805821e+00
2.246484374999999432e+02 -8.989299345162805821e+00
2.246484374999999432e+02 -8.989299345162805821e+00
2.249999999999999716e+02 -8.687297481032445035e+00
2.249999999999999716e+02 -8.687297481032445035e+00
2.253515625000000000e+02 -8.385538647081318686e+00
2.253515625000000000e+02 -8.385538647081318686e+00
2.257031249999999432e+02 -8.084013907099304674e+00
2.257031249999999432e+02 -8.084013907099304674e+00
2.260546874999999716e+02 -7.782714385390946177e+00
2.260546874999999716e+02 -7.782714385390946177e+00
2.264062499999999716e+02 -7.481631264246956903e+00
2.264062499999999716e+02 -7.481631264246956903e+00
2.267578124999999432e+02 -7.180755781458287856e+00
2.271093749999999432e+02 -7.481631264246956903e+00
2.271093749999999432e+02 -7.481631264246956903e+00
2.274609374999999716e+02 -7.782714385390946177e+00
2.274609374999999716e+02 -7.782714385390946177e+00
2.274609374999999716e+02 -7.782714385390946177e+00
2.278124999999999716e+02 -7.481631264246956903e+00
2.281640625000000000e+02 -7.782714385390946177e+00
2.281640625000000000e+02 -7.782714385390946177e+00
2.281640625000000000e+02 -7.782714385390946177e+00
2.285156249999999432e+02 -7.481631264246956903e+00
2.285156249999999432e+02 -7.481631264246956903e+00
2.288671874999999432e+02 -7.180755781458287856e+00
2.288671874999999432e+02 -7.180755781458287856e+00
2.292187500000000000e+02 -6.880079227870652403e+00
2.292187500000000000e+02 -6.880079227870652403e+00
2.295703125000000284e+02 -6.579592944977633806e+00
2.295703125000000284e+02 -6.579592944977633806e+00
2.295703125000000284e+02 -6.579592944977633806e+00
2.295703125000000284e+02 -5.979156796301310806e+00
2.295703125000000284e+02 -5.979156796301310806e+00
2.295703125000000284e+02 -5.379378991112076847e+00
2.295703125000000284e+02 -5.379378991112076847e+00
2.295703125000000284e+02 -5.379378991112076847e+00
2.292187500000000000e+02 -5.079715792733466628e+00
2.292187500000000000e+02 -5.079715792733466628e+00
2.288671874999999432e+02 -4.780191847199162680e+00
2.288671874999999432e+02 -4.780191847199162680e+00
2.285156249999999432e+02 -4.480798785982216259e+00
2.285156249999999432e+02 -3.882372003029573193e+00
2.288671874999999432e+02 -3.583321698471976902e+00
2.288671874999999432e+02 -3.583321698471976902e+00
2.288671874999999432e+02 -3.583321698471976902e+00
2.288671874999999432e+02 -2.985506005746543678e+00
2.292187500000000000e+02 -2.686724185691588218e+00
2.295703125000000284e+02 -2.985506005746543678e+00
2.295703125000000284e+02 -2.985506005746543678e+00
2.295703125000000284e+02 -2.985506005746543678e+00
2.299218749999999716e+02 -2.686724185691588218e+00
2.302734375000000000e+02 -2.985506005746543678e+00
2.302734375000000000e+02 -2.985506005746543678e+00
2.302734375000000000e+02 -2.985506005746543678e+00
2.306249999999999432e+02 -2.686724185691588218e+00
2.306249999999999432e+02 -2.686724185691588218e+00
2.309765624999999716e+02 -2.388015463268772010e+00
2.309765624999999716e+02 -2.388015463268772010e+00
2.313281250000000284e+02 -2.089371671498611249e+00
2.313281250000000284e+02 -2.089371671498611249e+00
2.313281250000000284e+02 -2.089371671498611249e+00
2.313281250000000284e+02 -1.492246289620354105e+00
2.316796874999999432e+02 -1.193748437141081808e+00
2.320312499999999716e+02 -1.492246289620354105e+00
2.320312499999999716e+02 -1.492246289620354105e+00
2.320312499999999716e+02 -1.492246289620354105e+00
2.323828125000000000e+02 -1.193748437141081808e+00
2.327343749999999432e+02 -1.492246289620354105e+00
2.327343749999999432e+02 -1.492246289620354105e+00
2.327343749999999432e+02 -1.492246289620354105e+00
2.330859374999999716e+02 -1.193748437141081808e+00
2.334375000000000284e+02 -1.492246289620354105e+00
2.334375000000000284e+02 -1.492246289620354105e+00
2.334375000000000284e+02 -1.492246289620354105e+00
2.337890624999999432e+02 -1.193748437141081808e+00
2.341406250000000000e+02 -1.492246289620354105e+00
2.341406250000000000e+02 -1.492246289620354105e+00
2.341406250000000000e+02 -1.492246289620354105e+00
2.344921874999999147e+02 -1.193748437141081808e+00
2.348437499999999716e+02 -1.492246289620354105e+00
2.348437499999999716e+02 -1.492246289620354105e+00
2.348437499999999716e+02 -1.492246289620354105e+00
2.351953125000000000e+02 -1.193748437141081808e+00
2.355468749999999432e+02 -1.492246289620354105e+00
2.355468749999999432e+02 -1.492246289620354105e+00
2.355468749999999432e+02 -1.492246289620354105e+00
2.358984374999999716e+02 -1.193748437141081808e+00
2.362500000000000284e+02 -1.492246289620354105e+00
2.362500000000000284e+02 -1.492246289620354105e+00
2.362500000000000284e+02 -1.492246289620354105e+00
2.366015624999999432e+02 -1.193748437141081808e+00
2.369531250000000000e+02 -1.492246289620354105e+00
2.369531250000000000e+02 -1.492246289620354105e+00
2.369531250000000000e+02 -1.492246289620354105e+00
2.373046875000000284e+02 -1.193748437141081808e+00
2.376562500000000000e+02 -1.492246289620354105e+00
2.376562500000000000e+02 -1.492246289620354105e+00
2.376562500000000000e+02 -1.492246289620354105e+00
2.380078124999999716e+02 -1.193748437141081808e+00
2.383593749999999432e+02 -1.492246289620354105e+00
2.383593749999999432e+02 -1.492246289620354105e+00
2.383593749999999432e+02 -1.492246289620354105e+00
2.387109374999999432e+02 -1.193748437141081808e+00
2.387109374999999432e+02 -1.193748437141081808e+00
2.390625000000000000e+02 -8.952829865701232848e-01
2.390625000000000000e+02 -8.952829865701232848e-01
2.390625000000000000e+02 -8.952829865701232848e-01
2.390625000000000000e+02 -2.984168674869351889e-01
2.394140624999999147e+02 0.000000000000000000e+00
2.394140624999999147e+02 0.000000000000000000e+00
2.397656249999999716e+02 2.984168674869493998e-01
2.401171875000000000e+02 0.000000000000000000e+00
2.401171875000000000e+02 0.000000000000000000e+00
2.401171875000000000e+02 0.000000000000000000e+00
2.404687499999999432e+02 2.984168674869493998e-01
2.408203124999999716e+02 0.000000000000000000e+00
2.408203124999999716e+02 0.000000000000000000e+00
2.408203124999999716e+02 0.000000000000000000e+00
2.411718750000000284e+02 2.984168674869493998e-01
2.415234375000000000e+02 0.000000000000000000e+00
2.415234375000000000e+02 0.000000000000000000e+00
2.415234375000000000e+02 0.000000000000000000e+00
2.418750000000000000e+02 2.984168674869493998e-01
2.422265624999999432e+02 0.000000000000000000e+00
2.422265624999999432e+02 0.000000000000000000e+00
2.425781249999999716e+02 -2.984168674869351889e-01
2.425781249999999716e+02 -2.984168674869351889e-01
2.429296875000000000e+02 -5.968418305070031238e-01
2.429296875000000000e+02 -5.968418305070031238e-01
2.432812499999999716e+02 -8.952829865701232848e-01
2.432812499999999716e+02 -8.952829865701232848e-01
2.436328125000000000e+02 -1.193748437141081808e+00
2.436328125000000000e+02 -1.193748437141081808e+00
2.439843750000000000e+02 -1.492246289620354105e+00
2.439843750000000000e+02 -1.492246289620354105e+00
2.439843750000000000e+02 -1.492246289620354105e+00
2.443359374999999716e+02 -1.193748437141081808e+00
2.446874999999999716e+02 -1.492246289620354105e+00
2.446874999999999716e+02 -1.492246289620354105e+00
2.446874999999999716e+02 -1.492246289620354105e+00
2.450390625000000000e+02 -1.193748437141081808e+00
2.453906250000000284e+02 -1.492246289620354105e+00
2.453906250000000284e+02 -1.492246289620354105e+00
2.453906250000000284e+02 -1.492246289620354105e+00
2.457421874999999716e+02 -1.193748437141081808e+00
2.460937499999999147e+02 -1.492246289620354105e+00
2.460937499999999147e+02 -1.492246289620354105e+00
2.460937499999999147e+02 -1.492246289620354105e+00
2.464453124999999716e+02 -1.193748437141081808e+00
2.467968750000000000e+02 -1.492246289620354105e+00
2.467968750000000000e+02 -1.492246289620354105e+00
2.467968750000000000e+02 -1.492246289620354105e+00
2.471484375000000000e+02 -1.193748437141081808e+00
2.474999999999999716e+02 -1.492246289620354105e+00
2.474999999999999716e+02 -1.492246289620354105e+00
2.474999999999999716e+02 -1.492246289620354105e+00
2.478515625000000284e+02 -1.193748437141081808e+00
2.482031249999999432e+02 -1.492246289620354105e+00
2.482031249999999432e+02 -1.492246289620354105e+00
2.482031249999999432e+02 -1.492246289620354105e+00
2.485546875000000000e+02 -1.193748437141081808e+00
2.489062500000000284e+02 -1.492246289620354105e+00
2.489062500000000284e+02 -1.492246289620354105e+00
2.489062500000000284e+02 -1.492246289620354105e+00
2.492578125000000000e+02 -1.193748437141081808e+00
2.496093750000000000e+02 -1.492246289620354105e+00
2.496093750000000000e+02 -1.492246289620354105e+00
2.496093750000000000e+02 -1.492246289620354105e+00
2.499609374999999432e+02 -1.193748437141081808e+00
2.503124999999999716e+02 -1.492246289620354105e+00
2.503124999999999716e+02 -1.492246289620354105e+00
2.503124999999999716e+02 -1.492246289620354105e+00
2.506640625000000000e+02 -1.193748437141081808e+00
2.506640625000000000e+02 -1.193748437141081808e+00
2.506640625000000000e+02 -1.193748437141081808e+00
2.506640625000000000e+02 -5.968418305070031238e-01
2.510156250000000000e+02 -2.984168674869351889e-01
2.510156250000000000e+02 -2.984168674869351889e-01
2.513671875000000284e+02 0.000000000000000000e+00
2.513671875000000284e+02 0.000000000000000000e+00
2.517187500000000000e+02 2.984168674869493998e-01
2.520703124999999432e+02 0.000000000000000000e+00
2.520703124999999432e+02 0.000000000000000000e+00
2.520703124999999432e+02 0.000000000000000000e+00
2.524218749999999716e+02 2.984168674869493998e-01
2.527734375000000284e+02 0.000000000000000000e+00
2.527734375000000284e+02 0.000000000000000000e+00
2.527734375000000284e+02 0.000000000000000000e+00
2.531250000000000284e+02 2.984168674869493998e-01
2.534765625000000000e+02 0.000000000000000000e+00
2.534765625000000000e+02 0.000000000000000000e+00
2.534765625000000000e+02 0.000000000000000000e+00
2.538281249999999147e+02 2.984168674869493998e-01
2.538281249999999147e+02 2.984168674869493998e-01
2.541796874999999716e+02 5.968418305070173346e-01
2.541796874999999716e+02 5.968418305070173346e-01
2.545312500000000000e+02 8.952829865701232848e-01
2.545312500000000000e+02 8.952829865701232848e-01
2.545312500000000000e+02 8.952829865701232848e-01
2.545312500000000000e+02 1.492246289620354105e+00
2.548828124999999716e+02 1.790784659328949147e+00
2.552343750000000284e+02 1.492246289620354105e+00
2.552343750000000284e+02 1.492246289620354105e+00
2.552343750000000284e+02 1.492246289620354105e+00
2.555859375000000284e+02 1.790784659328949147e+00
2.555859375000000284e+02 1.790784659328949147e+00
2.555859375000000284e+02 1.790784659328949147e+00
2.555859375000000284e+02 2.388015463268772010e+00
2.559374999999999432e+02 2.686724185691602429e+00
2.559374999999999432e+02 2.686724185691602429e+00
2.559374999999999432e+02 2.686724185691602429e+00
2.559374999999999432e+02 3.284369108365794432e+00
2.559374999999999432e+02 3.284369108365794432e+00
2.559374999999999432e+02 3.882372003029573193e+00
2.562890625000000000e+02 4.181528273111467797e+00
2.562890625000000000e+02 4.181528273111467797e+00
2.562890625000000000e+02 4.181528273111467797e+00
2.562890625000000000e+02 4.780191847199148469e+00
2.562890625000000000e+02 4.780191847199148469e+00
2.562890625000000000e+02 5.379378991112062636e+00
2.566406250000000000e+02 5.679189845582371277e+00
2.569921875000000000e+02 5.379378991112062636e+00
2.569921875000000000e+02 5.379378991112062636e+00
2.569921875000000000e+02 5.379378991112062636e+00
2.573437500000000000e+02 5.679189845582371277e+00
2.573437500000000000e+02 5.679189845582371277e+00
2.576953124999998863e+02 5.979156796301310806e+00
2.576953124999998863e+02 5.979156796301310806e+00
2.580468749999999432e+02 6.279288322550272028e+00
2.580468749999999432e+02 6.279288322550272028e+00
2.583984375000000000e+02 6.579592944977633806e+00
2.583984375000000000e+02 6.579592944977633806e+00
2.583984375000000000e+02 6.579592944977633806e+00
2.583984375000000000e+02 7.180755781458287856e+00
2.583984375000000000e+02 7.180755781458287856e+00
2.583984375000000000e+02 7.782714385390946177e+00
2.587500000000000000e+02 8.084013907099304674e+00
2.591015625000000568e+02 7.782714385390946177e+00
2.591015625000000568e+02 7.782714385390946177e+00
2.594531250000000000e+02 7.481631264246956903e+00
2.594531250000000000e+02 7.481631264246956903e+00
2.598046874999999432e+02 7.180755781458287856e+00
2.598046874999999432e+02 7.180755781458287856e+00
2.601562500000000000e+02 6.880079227870638192e+00
2.601562500000000000e+02 6.880079227870638192e+00
2.601562500000000000e+02 6.880079227870638192e+00
2.605078125000000000e+02 7.180755781458287856e+00
2.608593750000000000e+02 6.880079227870638192e+00
2.608593750000000000e+02 6.880079227870638192e+00
2.608593750000000000e+02 6.880079227870638192e+00
2.612109375000000000e+02 7.180755781458287856e+00
2.612109375000000000e+02 7.180755781458287856e+00
2.615624999999999432e+02 7.481631264246956903e+00
2.615624999999999432e+02 7.481631264246956903e+00
2.619140625000000000e+02 7.782714385390946177e+00
2.619140625000000000e+02 7.782714385390946177e+00
2.619140625000000000e+02 7.782714385390946177e+00
2.619140625000000000e+02 8.385538647081332897e+00
2.619140625000000000e+02 8.385538647081332897e+00
2.619140625000000000e+02 8.989299345162805821e+00
2.622656250000000000e+02 9.291553238770262624e+00
2.622656250000000000e+02 9.291553238770262624e+00
2.622656250000000000e+02 9.291553238770262624e+00
2.622656250000000000e+02 9.896853442815881863e+00
2.622656250000000000e+02 9.896853442815881863e+00
2.622656250000000000e+02 1.050327145011321761e+01
2.622656250000000000e+02 1.050327145011321761e+01
2.622656250000000000e+02 1.050327145011321761e+01
2.619140625000000000e+02 1.080692287486034786e+01
2.619140625000000000e+02 1.080692287486034786e+01
2.615624999999999432e+02 1.111088180000326986e+01
2.615624999999999432e+02 1.111088180000326986e+01
2.615624999999999432e+02 1.111088180000326986e+01
2.612109375000000000e+02 1.080692287486034786e+01
2.608593750000000000e+02 1.111088180000326986e+01
2.608593750000000000e+02 1.171976030578878181e+01
2.612109375000000000e+02 1.202469918056581832e+01
2.612109375000000000e+02 1.202469918056581832e+01
2.615624999999999432e+02 1.232998415024295014e+01
2.615624999999999432e+02 1.232998415024295014e+01
2.619140625000000000e+02 1.263562509302111891e+01
2.622656250000000000e+02 1.232998415024295014e+01
2.622656250000000000e+02 1.232998415024295014e+01
2.622656250000000000e+02 1.232998415024295014e+01
2.626171875000000000e+02 1.263562509302111891e+01
2.629687500000000000e+02 1.232998415024295014e+01
2.629687500000000000e+02 1.232998415024295014e+01
2.629687500000000000e+02 1.232998415024295014e+01
2.633203125000000000e+02 1.263562509302111891e+01
2.636718749999999432e+02 1.232998415024295014e+01
2.636718749999999432e+02 1.232998415024295014e+01
2.640234374999999432e+02 1.202469918056581832e+01
2.640234374999999432e+02 1.202469918056581832e+01
2.640234374999999432e+02 1.202469918056581832e+01
2.643750000000000000e+02 1.232998415024295014e+01
2.647265625000000000e+02 1.202469918056581832e+01
2.647265625000000000e+02 1.202469918056581832e+01
2.647265625000000000e+02 1.202469918056581832e+01
2.650781250000000000e+02 1.232998415024295014e+01
2.650781250000000000e+02 1.232998415024295014e+01
2.654296874999999432e+02 1.263562509302111891e+01
2.654296874999999432e+02 1.263562509302111891e+01
2.657812499999999432e+02 1.294163198542335635e+01
2.657812499999999432e+02 1.294163198542335635e+01
2.657812499999999432e+02 1.294163198542335635e+01
2.657812499999999432e+02 1.355478403717899027e+01
2.661328125000000000e+02 1.386194967204863815e+01
2.664843750000000000e+02 1.355478403717899027e+01
2.664843750000000000e+02 1.355478403717899027e+01
2.664843750000000000e+02 1.355478403717899027e+01
2.668359375000000000e+02 1.386194967204863815e+01
2.668359375000000000e+02 1.386194967204863815e+01
2.671875000000000000e+02 1.416952221477006901e+01
2.671875000000000000e+02 1.416952221477006901e+01
2.675390624999999432e+02 1.447751218592992473e+01
2.675390624999999432e+02 1.447751218592992473e+01
2.675390624999999432e+02 1.447751218592992473e+01
2.675390624999999432e+02 1.509478709954319697e+01
2.678906250000000000e+02 1.540409369872548950e+01
2.678906250000000000e+02 1.540409369872548950e+01
2.678906250000000000e+02 1.540409369872548950e+01
2.678906250000000000e+02 1.602410030815586595e+01
2.678906250000000000e+02 1.602410030815586595e+01
2.678906250000000000e+02 1.664603991239296477e+01
2.682421875000000568e+02 1.695776330000416010e+01
2.682421875000000568e+02 1.695776330000416010e+01
2.685937500000000000e+02 1.727000469497446034e+01
2.685937500000000000e+02 1.727000469497446034e+01
2.685937500000000000e+02 1.727000469497446034e+01
2.685937500000000000e+02 1.789608931623463661e+01
2.689453125000000000e+02 1.820995686428300075e+01
2.689453125000000000e+02 1.820995686428300075e+01
2.689453125000000000e+02 1.820995686428300075e+01
2.689453125000000000e+02 1.883940454727546410e+01
2.692968749999999432e+02 1.915501007356373009e+01
2.692968749999999432e+02 1.915501007356373009e+01
2.696484374999999432e+02 1.947122063449069174e+01
2.696484374999999432e+02 1.947122063449069174e+01
2.696484374999999432e+02 1.947122063449069174e+01
2.696484374999999432e+02 2.010550978791602006e+01
2.696484374999999432e+02 2.010550978791602006e+01
2.696484374999999432e+02 2.074237995448713434e+01
2.700000000000000000e+02 2.106181760164932371e+01
2.700000000000000000e+02 2.106181760164932371e+01
2.700000000000000000e+02 2.106181760164932371e+01
2.700000000000000000e+02 2.170276940395483223e+01
2.703515625000000000e+02 2.202431283704217435e+01
2.703515625000000000e+02 2.202431283704217435e+01
2.707031250000000568e+02 2.234658789836113613e+01
2.707031250000000568e+02 2.234658789836113613e+01
2.707031250000000568e+02 2.234658789836113613e+01
2.707031250000000568e+02 2.299339431429781655e+01
2.707031250000000568e+02 2.299339431429781655e+01
2.710546875000000000e+02 2.331795706533424095e+01
2.710546875000000000e+02 2.331795706533424095e+01
2.714062499999999432e+02 2.364331425576557422e+01
2.714062499999999432e+02 2.364331425576557422e+01
2.717578125000000000e+02 2.396948231775967031e+01
2.717578125000000000e+02 2.396948231775967031e+01
2.717578125000000000e+02 2.396948231775967031e+01
2.714062499999999432e+02 2.429647799480565595e+01
2.717578125000000000e+02 2.462431835216408160e+01
2.717578125000000000e+02 2.462431835216408160e+01
2.717578125000000000e+02 2.462431835216408160e+01
2.714062499999999432e+02 2.495302078772749610e+01
2.717578125000000000e+02 2.528260304331199393e+01
2.717578125000000000e+02 2.528260304331199393e+01
2.721093750000000000e+02 2.561308321640180452e+01
2.721093750000000000e+02 2.561308321640180452e+01
2.724609375000000000e+02 2.594447977237000202e+01
2.724609375000000000e+02 2.594447977237000202e+01
2.728125000000000000e+02 2.627681155719998429e+01
2.728125000000000000e+02 2.627681155719998429e+01
2.728125000000000000e+02 2.627681155719998429e+01
2.724609375000000000e+02 2.661009781073390457e+01
2.728125000000000000e+02 2.694435818047572440e+01
2.728125000000000000e+02 2.694435818047572440e+01
2.728125000000000000e+02 2.694435818047572440e+01
2.724609375000000000e+02 2.727961273597808400e+01
2.728125000000000000e+02 2.761588198384470871e+01
2.728125000000000000e+02 2.761588198384470871e+01
2.728125000000000000e+02 2.761588198384470871e+01
2.724609375000000000e+02 2.795318688338112878e+01
2.728125000000000000e+02 2.829154886292940319e+01
2.728125000000000000e+02 2.829154886292940319e+01
2.731640624999999432e+02 2.863098983692434985e+01
2.731640624999999432e+02 2.863098983692434985e+01
2.735156249999999432e+02 2.897153222371129999e+01
2.735156249999999432e+02 2.897153222371129999e+01
2.738671875000000000e+02 2.931319896416835746e+01
2.738671875000000000e+02 2.931319896416835746e+01
2.738671875000000000e+02 2.931319896416835746e+01
2.735156249999999432e+02 2.965601354117841737e+01
2.738671875000000000e+02 3.000000000000001421e+01
2.738671875000000000e+02 3.000000000000001421e+01
2.742187500000000000e+02 3.034518296958825800e+01
2.742187500000000000e+02 3.034518296958825800e+01
2.745703125000000000e+02 3.069158768492235367e+01
2.745703125000000000e+02 3.069158768492235367e+01
2.749218750000000000e+02 3.103924001039789005e+01
2.749218750000000000e+02 3.103924001039789005e+01
2.749218750000000000e+02 3.103924001039789005e+01
2.745703125000000000e+02 3.138816646434855073e+01
2.749218750000000000e+02 3.173839424476444293e+01
2.749218750000000000e+02 3.173839424476444293e+01
2.749218750000000000e+02 3.173839424476444293e+01
2.745703125000000000e+02 3.208995125628030820e+01
2.749218750000000000e+02 3.244286613851178203e+01
2.749218750000000000e+02 3.244286613851178203e+01
2.752734374999999432e+02 3.279716829582363857e+01
2.752734374999999432e+02 3.279716829582363857e+01
2.756249999999999432e+02 3.315288792861988298e+01
2.756249999999999432e+02 3.315288792861988298e+01
2.756249999999999432e+02 3.315288792861988298e+01
2.752734374999999432e+02 3.351005606625300715e+01
2.756249999999999432e+02 3.386870460165650343e+01
2.756249999999999432e+02 3.386870460165650343e+01
2.756249999999999432e+02 3.386870460165650343e+01
2.752734374999999432e+02 3.422886632781257532e+01
2.756249999999999432e+02 3.459057497617661880e+01
2.756249999999999432e+02 3.459057497617661880e+01
2.759765625000000000e+02 3.495386525718846826e+01
2.759765625000000000e+02 3.495386525718846826e+01
2.763281250000000000e+02 3.531877290301154204e+01
2.763281250000000000e+02 3.531877290301154204e+01
2.766796875000000000e+02 3.568533471265204327e+01
2.766796875000000000e+02 3.568533471265204327e+01
2.766796875000000000e+02 3.568533471265204327e+01
2.763281250000000000e+02 3.605358859962301210e+01
2.766796875000000000e+02 3.642357364233115646e+01
2.766796875000000000e+02 3.642357364233115646e+01
2.770312499999998863e+02 3.679533013738011249e+01
2.770312499999998863e+02 3.679533013738011249e+01
2.773828124999999432e+02 3.716889965599943935e+01
2.773828124999999432e+02 3.716889965599943935e+01
2.777343750000000000e+02 3.754432510382694232e+01
2.777343750000000000e+02 3.754432510382694232e+01
2.777343750000000000e+02 3.754432510382694232e+01
2.773828124999999432e+02 3.792165078429178493e+01
2.773828124999999432e+02 3.792165078429178493e+01
2.770312499999998863e+02 3.830092246586769988e+01
2.773828124999999432e+02 3.868218745348945475e+01
2.773828124999999432e+02 3.868218745348945475e+01
2.773828124999999432e+02 3.868218745348945475e+01
2.770312499999998863e+02 3.906549466445259355e+01
2.773828124999999432e+02 3.945089470914607688e+01
2.773828124999999432e+02 3.945089470914607688e+01
2.777343750000000000e+02 3.983843997699908357e+01
2.777343750000000000e+02 3.983843997699908357e+01
2.780859375000000000e+02 4.022818472806110179e+01
2.780859375000000000e+02 4.022818472806110179e+01
2.784375000000000000e+02 4.062018519067269295e+01
2.784375000000000000e+02 4.062018519067269295e+01
2.784375000000000000e+02 4.062018519067269295e+01
2.780859375000000000e+02 4.101449966573051142e+01
2.784375000000000000e+02 4.141118863809926864e+01
2.784375000000000000e+02 4.141118863809926864e+01
2.787890625000000000e+02 4.181031489577860327e+01
2.787890625000000000e+02 4.181031489577860327e+01
2.788582677165354085e+02 4.221036983965020539e+01
2.788582677165354085e+02 4.221036983965020539e+01
2.789285714285714448e+02 4.260980697763761071e+01
2.789285714285714448e+02 4.260980697763761071e+01
2.790000000000000000e+02 4.300863399423691646e+01
2.790000000000000000e+02 4.300863399423691646e+01
2.790725806451612812e+02 4.340685848593698637e+01
2.797983870967742064e+02 4.340685848593698637e+01
2.797983870967742064e+02 4.340685848593698637e+01
2.797983870967742064e+02 4.340685848593698637e+01
2.798780487804878021e+02 4.380448796297494596e+01
2.798780487804878021e+02 4.380448796297494596e+01
2.799590163934425959e+02 4.420152985105136878e+01
2.806967213114754145e+02 4.420152985105137589e+01
2.806967213114754145e+02 4.420152985105137589e+01
2.806967213114754145e+02 4.420152985105137589e+01
2.807851239669421375e+02 4.459799149300625487e+01
2.807851239669421375e+02 4.459799149300625487e+01
2.808750000000000000e+02 4.499388015045713018e+01
2.808750000000000000e+02 4.499388015045713018e+01
2.808750000000000000e+02 4.499388015045713018e+01
2.802100840336134979e+02 4.538920300540004860e+01
2.802966101694914869e+02 4.578396716177500991e+01
2.802966101694914869e+02 4.578396716177500991e+01
2.803846153846154152e+02 4.617817964699639077e+01
2.803846153846154152e+02 4.617817964699639077e+01
2.804741379310345337e+02 4.657184741344958212e+01
2.812500000000000000e+02 4.657184741344958212e+01
2.812500000000000000e+02 4.657184741344958212e+01
2.812500000000000000e+02 4.657184741344958212e+01
2.813478260869565020e+02 4.696497733995480672e+01
2.813478260869565020e+02 4.696497733995480672e+01
2.814473684210526585e+02 4.735757623319896936e+01
2.814473684210526585e+02 4.735757623319896936e+01
2.815486725663716925e+02 4.774965082913658421e+01
2.815486725663716925e+02 4.774965082913658421e+01
2.816517857142857224e+02 4.814120779436028386e+01
2.816517857142857224e+02 4.814120779436028386e+01
2.817567567567567721e+02 4.853225372744229560e+01
2.825675675675676075e+02 4.853225372744229560e+01
2.825675675675676075e+02 4.853225372744229560e+01
2.825675675675676075e+02 4.853225372744229560e+01
2.826818181818181870e+02 4.892279516024730412e+01
2.826818181818181870e+02 4.892279516024730412e+01
2.827981651376146601e+02 4.931283855921746095e+01
2.827981651376146601e+02 4.931283855921746095e+01
2.827981651376146601e+02 4.931283855921746095e+01
2.820833333333333144e+02 4.970239032663068457e+01
2.821962616822429482e+02 5.009145680183258520e+01
2.821962616822429482e+02 5.009145680183258520e+01
2.823113207547170305e+02 5.048004426244293796e+01
2.823113207547170305e+02 5.048004426244293796e+01
2.824285714285713880e+02 5.086815892553735807e+01
2.832857142857142776e+02 5.086815892553735097e+01
2.832857142857142776e+02 5.086815892553735097e+01
2.832857142857142776e+02 5.086815892553735097e+01
2.834134615384615472e+02 5.125580694880489574e+01
2.834134615384615472e+02 5.125580694880489574e+01
2.835436893203883528e+02 5.164299443168206949e+01
2.835436893203883528e+02 5.164299443168206949e+01
2.836764705882353041e+02 5.202972741646417632e+01
2.836764705882353041e+02 5.202972741646417632e+01
2.838118811881187753e+02 5.241601188939428368e+01
2.838118811881187753e+02 5.241601188939428368e+01
2.839499999999999886e+02 5.280185378173062105e+01
2.839499999999999886e+02 5.280185378173062105e+01
2.840909090909091219e+02 5.318725897079298193e+01
2.840909090909091219e+02 5.318725897079298193e+01
2.842346938775510807e+02 5.357223328098856285e+01
2.851530612244898180e+02 5.357223328098856285e+01
2.851530612244898180e+02 5.357223328098856285e+01
2.851530612244898180e+02 5.357223328098856285e+01
2.851530612244898180e+02 5.357223328098856285e+01
2.843814432989690886e+02 5.395678248481785744e+01
2.845312500000000000e+02 5.434091230386125204e+01
2.845312500000000000e+02 5.434091230386125204e+01
2.846842105263157805e+02 5.472462840974653631e+01
2.846842105263157805e+02 5.472462840974653631e+01
2.848404255319148888e+02 5.510793642509819534e+01
2.857978723404255561e+02 5.510793642509819534e+01
2.857978723404255561e+02 5.510793642509819534e+01
2.857978723404255561e+02 5.510793642509819534e+01
2.859677419354838435e+02 5.549084192446861152e+01
2.859677419354838435e+02 5.549084192446861152e+01
2.861413043478260647e+02 5.587335043525198586e+01
2.861413043478260647e+02 5.587335043525198586e+01
2.863186813186813424e+02 5.625546743858107135e+01
2.863186813186813424e+02 5.625546743858107135e+01
2.863186813186813424e+02 5.625546743858107135e+01
2.855000000000000000e+02 5.663719837020752834e+01
2.856741573033708050e+02 5.701854862136609370e+01
2.856741573033708050e+02 5.701854862136609370e+01
2.858522727272726911e+02 5.739952353962294751e+01
2.858522727272726911e+02 5.739952353962294751e+01
2.860344827586206975e+02 5.778012842970896656e+01
2.870689655172413950e+02 5.778012842970896656e+01
2.870689655172413950e+02 5.778012842970896656e+01
2.870689655172413950e+02 5.778012842970896656e+01
2.872674418604651123e+02 5.816036855433799957e+01
2.872674418604651123e+02 5.816036855433799957e+01
2.874705882352941444e+02 5.854024913501048388e+01
2.874705882352941444e+02 5.854024913501048388e+01
2.876785714285714448e+02 5.891977535280314981e+01
2.876785714285714448e+02 5.891977535280314981e+01
2.878915662650602485e+02 5.929895234914484092e+01
2.878915662650602485e+02 5.929895234914484092e+01
2.881097560975609895e+02 5.967778522657881268e+01
2.881097560975609895e+02 5.967778522657881268e+01
2.883333333333333712e+02 6.005627904951214191e+01
2.894444444444444571e+02 6.005627904951214191e+01
2.894444444444444571e+02 6.005627904951214191e+01
2.894444444444444571e+02 6.005627904951214191e+01
2.896875000000000568e+02 6.043443884495228247e+01
2.896875000000000568e+02 6.043443884495228247e+01
2.896875000000000568e+02 6.043443884495228247e+01
2.887974683544303502e+02 6.081226960323110120e+01
2.890384615384615472e+02 6.118977627871704783e+01
2.890384615384615472e+02 6.118977627871704783e+01
2.892857142857142776e+02 6.156696379051533086e+01
2.892857142857142776e+02 6.156696379051533086e+01
2.895394736842105203e+02 6.194383702315671059e+01
2.895394736842105203e+02 6.194383702315671059e+01
2.898000000000000114e+02 6.232040082727500874e+01
2.909999999999999432e+02 6.232040082727500874e+01
2.909999999999999432e+02 6.232040082727500874e+01
2.909999999999999432e+02 6.232040082727500874e+01
2.912837837837838038e+02 6.269666002027375384e+01
2.912837837837838038e+02 6.269666002027375384e+01
2.915753424657534083e+02 6.307261938698222536e+01
2.915753424657534083e+02 6.307261938698222536e+01
2.918750000000000000e+02 6.344828368030105992e+01
2.918750000000000000e+02 6.344828368030105992e+01
2.918750000000000000e+02 6.344828368030105992e+01
2.909154929577464941e+02 6.382365762183777491e+01
2.912142857142857224e+02 6.419874590253252222e+01
2.912142857142857224e+02 6.419874590253252222e+01
2.915217391304347530e+02 6.457355318327412874e+01
2.928260869565217490e+02 6.457355318327412874e+01
2.928260869565217490e+02 6.457355318327412874e+01
2.928260869565217490e+02 6.457355318327412874e+01
2.931617647058823195e+02 6.494808409550687145e+01
2.931617647058823195e+02 6.494808409550687145e+01
2.935074626865671235e+02 6.532234324182820728e+01
2.935074626865671235e+02 6.532234324182820728e+01
2.935074626865671235e+02 6.532234324182820728e+01
2.925000000000000568e+02 6.569633519657743648e+01
2.928461538461538112e+02 6.607006450641591755e+01
2.928461538461538112e+02 6.607006450641591755e+01
2.928461538461538112e+02 6.607006450641591755e+01
2.917968750000000000e+02 6.644353569089876999e+01
2.917968750000000000e+02 6.644353569089876999e+01
2.907142857142857224e+02 6.681675324303833463e+01
2.910483870967742064e+02 6.718972162985977548e+01
2.924999999999999432e+02 6.718972162985977548e+01
2.924999999999999432e+02 6.718972162985977548e+01
2.924999999999999432e+02 6.718972162985977548e+01
2.928688524590163524e+02 6.756244529294869494e+01
2.928688524590163524e+02 6.756244529294869494e+01
2.932500000000000568e+02 6.793492864899141637e+01
2.932500000000000568e+02 6.793492864899141637e+01
2.936440677966102157e+02 6.830717609030755000e+01
2.936440677966102157e+02 6.830717609030755000e+01
2.940517241379310462e+02 6.867919198537575198e+01
2.940517241379310462e+02 6.867919198537575198e+01
2.940517241379310462e+02 6.867919198537575198e+01
2.928947368421053170e+02 6.905098067935219319e+01
2.928947368421053170e+02 6.905098067935219319e+01
2.916964285714286120e+02 6.942254649458220683e+01
2.916964285714286120e+02 6.942254649458220683e+01
2.904545454545454390e+02 6.979389373110558381e+01
2.904545454545454390e+02 6.979389373110558381e+01
2.891666666666666856e+02 7.016502666715500425e+01
2.895283018867924056e+02 7.053594955964848623e+01
2.895283018867924056e+02 7.053594955964848623e+01
2.899038461538461888e+02 7.090666664467562441e+01
2.899038461538461888e+02 7.090666664467562441e+01
2.902941176470588402e+02 7.127718213797778901e+01
2.902941176470588402e+02 7.127718213797778901e+01
2.902941176470588402e+02 7.127718213797778901e+01
2.888999999999999773e+02 7.164750023542259783e+01
2.892857142857142776e+02 7.201762511347280338e+01
2.892857142857142776e+02 7.201762511347280338e+01
2.892857142857142776e+02 7.201762511347280338e+01
2.878125000000000000e+02 7.238756092964962363e+01
2.878125000000000000e+02 7.238756092964962363e+01
2.878125000000000000e+02 7.238756092964962363e+01
2.859375000000000000e+02 7.238756092964962363e+01
2.843617021276595551e+02 7.275731182299070099e+01
2.846739130434782510e+02 7.312688191450308750e+01
2.846739130434782510e+02 7.312688191450308750e+01
2.850000000000000568e+02 7.349627530761094363e+01
2.850000000000000568e+02 7.349627530761094363e+01
2.853409090909090651e+02 7.386549608859847638e+01
2.853409090909090651e+02 7.386549608859847638e+01
2.856976744186046631e+02 7.423454832704820205e+01
2.856976744186046631e+02 7.423454832704820205e+01
2.856976744186046631e+02 7.423454832704820205e+01
2.839285714285713880e+02 7.460343607627444840e+01
2.842682926829268126e+02 7.497216337375242290e+01
2.842682926829268126e+02 7.497216337375242290e+01
2.842682926829268126e+02 7.497216337375242290e+01
2.823750000000000000e+02 7.534073424154306053e+01
2.823750000000000000e+02 7.534073424154306053e+01
2.823750000000000000e+02 7.534073424154306053e+01
2.801250000000000000e+02 7.534073424154306053e+01
2.780769230769230944e+02 7.570915268671350873e+01
2.780769230769230944e+02 7.570915268671350873e+01
2.780769230769230944e+02 7.570915268671350873e+01
2.757692307692307736e+02 7.570915268671350873e+01
2.757692307692307736e+02 7.570915268671350873e+01
2.734615384615384528e+02 7.570915268671350873e+01
2.734615384615384528e+02 7.570915268671350873e+01
2.711538461538461320e+02 7.570915268671350873e+01
2.688461538461538680e+02 7.570915268671350873e+01
2.688461538461538680e+02 7.570915268671350873e+01
2.688461538461538680e+02 7.570915268671350873e+01
2.666250000000000000e+02 7.534073424154306053e+01
2.643750000000000000e+02 7.534073424154306053e+01
2.643750000000000000e+02 7.534073424154306053e+01
2.621250000000000000e+02 7.534073424154306053e+01
2.621250000000000000e+02 7.534073424154306053e+01
2.598750000000000000e+02 7.534073424154306053e+01
2.598750000000000000e+02 7.534073424154306053e+01
2.576250000000000000e+02 7.534073424154306053e+01
2.576250000000000000e+02 7.534073424154306053e+01
2.576250000000000000e+02 7.534073424154306053e+01
2.557317073170732158e+02 7.497216337375242290e+01
2.535365853658536821e+02 7.497216337375242290e+01
2.531250000000000284e+02 7.534073424154306053e+01
2.531250000000000284e+02 7.534073424154306053e+01
2.526923076923077076e+02 7.570915268671350873e+01
2.526923076923077076e+02 7.570915268671350873e+01
2.522368421052631504e+02 7.607742270175356225e+01
2.522368421052631504e+02 7.607742270175356225e+01
2.522368421052631504e+02 7.607742270175356225e+01
2.498684210526315894e+02 7.607742270175356225e+01
2.493243243243243228e+02 7.644554826498827538e+01
2.493243243243243228e+02 7.644554826498827538e+01
2.493243243243243228e+02 7.644554826498827538e+01
2.468918918918919019e+02 7.644554826498827538e+01
2.468918918918919019e+02 7.644554826498827538e+01
2.444594594594594525e+02 7.644554826498827538e+01
2.444594594594594525e+02 7.644554826498827538e+01
2.420270270270270601e+02 7.644554826498827538e+01
2.420270270270270601e+02 7.644554826498827538e+01
2.395945945945945823e+02 7.644554826498827538e+01
2.395945945945945823e+02 7.644554826498827538e+01
2.395945945945945823e+02 7.644554826498827538e+01
2.380263157894736423e+02 7.607742270175356225e+01
2.380263157894736423e+02 7.607742270175356225e+01
2.365384615384615472e+02 7.570915268671350873e+01
2.342307692307692548e+02 7.570915268671350873e+01
2.342307692307692548e+02 7.570915268671350873e+01
2.319230769230769340e+02 7.570915268671350873e+01
2.309210526315789309e+02 7.607742270175356225e+01
2.309210526315789309e+02 7.607742270175356225e+01
2.309210526315789309e+02 7.607742270175356225e+01
2.285526315789473415e+02 7.607742270175356225e+01
2.285526315789473415e+02 7.607742270175356225e+01
2.261842105263157805e+02 7.607742270175356225e+01
2.261842105263157805e+02 7.607742270175356225e+01
2.238157894736842479e+02 7.607742270175356225e+01
2.238157894736842479e+02 7.607742270175356225e+01
2.214473684210526585e+02 7.607742270175356225e+01
2.214473684210526585e+02 7.607742270175356225e+01
2.214473684210526585e+02 7.607742270175356225e+01
2.203846153846153868e+02 7.570915268671350873e+01
2.203846153846153868e+02 7.570915268671350873e+01
2.193749999999999716e+02 7.534073424154306053e+01
2.193749999999999716e+02 7.534073424154306053e+01
2.184146341463414274e+02 7.497216337375242290e+01
2.184146341463414274e+02 7.497216337375242290e+01
2.184146341463414274e+02 7.497216337375242290e+01
2.196428571428571388e+02 7.460343607627444840e+01
2.187209302325581746e+02 7.423454832704820205e+01
2.166279069767441285e+02 7.423454832704820205e+01
2.166279069767441285e+02 7.423454832704820205e+01
2.145348837209301962e+02 7.423454832704820205e+01
2.145348837209301962e+02 7.423454832704820205e+01
2.124418604651162639e+02 7.423454832704820205e+01
2.124418604651162639e+02 7.423454832704820205e+01
2.103488372093023031e+02 7.423454832704820205e+01
2.103488372093023031e+02 7.423454832704820205e+01
2.082558139534883992e+02 7.423454832704820205e+01
2.082558139534883992e+02 7.423454832704820205e+01
2.061627906976743816e+02 7.423454832704820205e+01
2.061627906976743816e+02 7.423454832704820205e+01
2.040697674418604208e+02 7.423454832704820205e+01
2.024999999999999716e+02 7.460343607627444840e+01
2.030487804878048053e+02 7.497216337375242290e+01
2.030487804878048053e+02 7.497216337375242290e+01
2.036250000000000000e+02 7.534073424154306053e+01
2.036250000000000000e+02 7.534073424154306053e+01
2.036250000000000000e+02 7.534073424154306053e+01
2.019230769230768772e+02 7.570915268671350873e+01
2.019230769230768772e+02 7.570915268671350873e+01
2.001315789473684390e+02 7.607742270175356225e+01
2.001315789473684390e+02 7.607742270175356225e+01
2.001315789473684390e+02 7.607742270175356225e+01
1.977631578947368212e+02 7.607742270175356225e+01
1.958108108108108070e+02 7.644554826498827538e+01
1.958108108108108070e+02 7.644554826498827538e+01
1.958108108108108070e+02 7.644554826498827538e+01
1.933783783783783576e+02 7.644554826498827538e+01
1.933783783783783576e+02 7.644554826498827538e+01
1.909459459459459083e+02 7.644554826498827538e+01
1.909459459459459083e+02 7.644554826498827538e+01
1.885135135135134590e+02 7.644554826498827538e+01
1.885135135135134590e+02 7.644554826498827538e+01
1.885135135135134590e+02 7.644554826498827538e+01
1.882894736842105488e+02 7.607742270175356225e+01
1.859210526315789025e+02 7.607742270175356225e+01
1.859210526315789025e+02 7.607742270175356225e+01
1.859210526315789025e+02 7.607742270175356225e+01
1.857692307692307452e+02 7.570915268671350873e+01
1.857692307692307452e+02 7.570915268671350873e+01
1.856249999999999432e+02 7.534073424154306053e+01
1.833749999999999716e+02 7.534073424154306053e+01
1.811538461538461320e+02 7.570915268671350873e+01
1.811842105263157521e+02 7.607742270175356225e+01
1.811842105263157521e+02 7.607742270175356225e+01
1.811842105263157521e+02 7.607742270175356225e+01
1.788157894736842195e+02 7.607742270175356225e+01
1.788157894736842195e+02 7.607742270175356225e+01
1.764473684210526301e+02 7.607742270175356225e+01
1.763513513513513544e+02 7.644554826498827538e+01
1.763513513513513544e+02 7.644554826498827538e+01
1.763513513513513544e+02 7.644554826498827538e+01
1.739189189189189335e+02 7.644554826498827538e+01
1.739189189189189335e+02 7.644554826498827538e+01
1.714864864864864558e+02 7.644554826498827538e+01
1.714864864864864558e+02 7.644554826498827538e+01
1.690540540540540633e+02 7.644554826498827538e+01
1.690540540540540633e+02 7.644554826498827538e+01
1.690540540540540633e+02 7.644554826498827538e+01
1.669736842105263293e+02 7.607742270175356225e+01
1.669736842105263293e+02 7.607742270175356225e+01
1.649999999999999716e+02 7.570915268671350873e+01
1.649999999999999716e+02 7.570915268671350873e+01
1.649999999999999716e+02 7.570915268671350873e+01
1.653750000000000284e+02 7.534073424154306053e+01
1.635365853658536821e+02 7.497216337375242290e+01
1.635365853658536821e+02 7.497216337375242290e+01
1.635365853658536821e+02 7.497216337375242290e+01
1.639285714285714164e+02 7.460343607627444840e+01
1.622093023255814046e+02 7.423454832704820205e+01
1.601162790697674154e+02 7.423454832704820205e+01
1.601162790697674154e+02 7.423454832704820205e+01
1.580232558139534831e+02 7.423454832704820205e+01
1.580232558139534831e+02 7.423454832704820205e+01
1.559302325581395223e+02 7.423454832704820205e+01
1.559302325581395223e+02 7.423454832704820205e+01
1.538372093023255900e+02 7.423454832704820205e+01
1.538372093023255900e+02 7.423454832704820205e+01
1.517441860465116292e+02 7.423454832704820205e+01
1.517441860465116292e+02 7.423454832704820205e+01
1.496511627906976685e+02 7.423454832704820205e+01
1.489285714285714164e+02 7.460343607627444840e+01
1.489285714285714164e+02 7.460343607627444840e+01
1.481707317073170884e+02 7.497216337375242290e+01
1.481707317073170884e+02 7.497216337375242290e+01
1.473750000000000000e+02 7.534073424154306053e+01
1.473750000000000000e+02 7.534073424154306053e+01
1.465384615384615188e+02 7.570915268671350873e+01
1.465384615384615188e+02 7.570915268671350873e+01
1.465384615384615188e+02 7.570915268671350873e+01
1.442307692307691980e+02 7.570915268671350873e+01
1.432894736842105203e+02 7.607742270175356225e+01
1.432894736842105203e+02 7.607742270175356225e+01
1.432894736842105203e+02 7.607742270175356225e+01
1.409210526315789593e+02 7.607742270175356225e+01
1.409210526315789593e+02 7.607742270175356225e+01
1.385526315789473699e+02 7.607742270175356225e+01
1.385526315789473699e+02 7.607742270175356225e+01
1.361842105263158089e+02 7.607742270175356225e+01
1.361842105263158089e+02 7.607742270175356225e+01
1.338157894736841911e+02 7.607742270175356225e+01
1.338157894736841911e+02 7.607742270175356225e+01
1.338157894736841911e+02 7.607742270175356225e+01
1.326923076923077076e+02 7.570915268671350873e+01
1.303846153846153868e+02 7.570915268671350873e+01
1.290789473684210407e+02 7.607742270175356225e+01
1.290789473684210407e+02 7.607742270175356225e+01
1.277027027027027088e+02 7.644554826498827538e+01
1.277027027027027088e+02 7.644554826498827538e+01
1.277027027027027088e+02 7.644554826498827538e+01
1.252702702702702737e+02 7.644554826498827538e+01
1.252702702702702737e+02 7.644554826498827538e+01
1.228378378378378386e+02 7.644554826498827538e+01
1.228378378378378386e+02 7.644554826498827538e+01
1.204054054054054177e+02 7.644554826498827538e+01
1.204054054054054177e+02 7.644554826498827538e+01
1.179729729729729542e+02 7.644554826498827538e+01
1.179729729729729542e+02 7.644554826498827538e+01
1.155405405405405475e+02 7.644554826498827538e+01
1.155405405405405475e+02 7.644554826498827538e+01
1.155405405405405475e+02 7.644554826498827538e+01
1.148684210526315894e+02 7.607742270175356225e+01
1.148684210526315894e+02 7.607742270175356225e+01
1.142307692307692406e+02 7.570915268671350873e+01
1.142307692307692406e+02 7.570915268671350873e+01
1.136250000000000142e+02 7.534073424154306053e+01
1.136250000000000142e+02 7.534073424154306053e+01
1.130487804878048621e+02 7.497216337375242290e+01
1.108536585365853711e+02 7.497216337375242290e+01
1.091249999999999858e+02 7.534073424154306053e+01
1.091249999999999858e+02 7.534073424154306053e+01
1.091249999999999858e+02 7.534073424154306053e+01
1.068750000000000000e+02 7.534073424154306053e+01
1.068750000000000000e+02 7.534073424154306053e+01
1.046250000000000000e+02 7.534073424154306053e+01
1.046250000000000000e+02 7.534073424154306053e+01
1.046250000000000000e+02 7.534073424154306053e+01
1.042682926829268411e+02 7.497216337375242290e+01
1.020731707317073074e+02 7.497216337375242290e+01
1.020731707317073074e+02 7.497216337375242290e+01
1.020731707317073074e+02 7.497216337375242290e+01
1.017857142857142918e+02 7.460343607627444840e+01
1.017857142857142918e+02 7.460343607627444840e+01
1.015116279069767273e+02 7.423454832704820205e+01
1.015116279069767273e+02 7.423454832704820205e+01
1.012500000000000142e+02 7.386549608859847638e+01
1.012500000000000142e+02 7.386549608859847638e+01
1.010000000000000000e+02 7.349627530761094363e+01
1.010000000000000000e+02 7.349627530761094363e+01
1.010000000000000000e+02 7.349627530761094363e+01
1.027173913043478422e+02 7.312688191450308750e+01
1.024468085106382915e+02 7.275731182299070099e+01
1.024468085106382915e+02 7.275731182299070099e+01
1.024468085106382915e+02 7.275731182299070099e+01
1.040625000000000000e+02 7.238756092964962363e+01
1.037755102040816269e+02 7.201762511347280338e+01
1.019387755102040813e+02 7.201762511347280338e+01
1.019387755102040813e+02 7.201762511347280338e+01
1.019387755102040813e+02 7.201762511347280338e+01
1.016999999999999886e+02 7.164750023542259783e+01
1.016999999999999886e+02 7.164750023542259783e+01
1.014705882352941302e+02 7.127718213797778901e+01
1.014705882352941302e+02 7.127718213797778901e+01
1.012499999999999858e+02 7.090666664467562441e+01
1.012499999999999858e+02 7.090666664467562441e+01
1.010377358490566024e+02 7.053594955964848623e+01
9.933962264150943611e+01 7.053594955964848623e+01
9.933962264150943611e+01 7.053594955964848623e+01
9.764150943396226978e+01 7.053594955964848623e+01
9.764150943396226978e+01 7.053594955964848623e+01
9.594339622641508925e+01 7.053594955964848623e+01
9.594339622641508925e+01 7.053594955964848623e+01
9.594339622641508925e+01 7.053594955964848623e+01
9.583333333333334281e+01 7.016502666715500425e+01
9.583333333333334281e+01 7.016502666715500425e+01
9.572727272727273373e+01 6.979389373110558381e+01
9.409090909090910770e+01 6.979389373110558381e+01
9.409090909090910770e+01 6.979389373110558381e+01
9.409090909090910770e+01 6.979389373110558381e+01
9.401785714285715301e+01 6.942254649458220683e+01
9.401785714285715301e+01 6.942254649458220683e+01
9.394736842105263008e+01 6.905098067935219319e+01
9.394736842105263008e+01 6.905098067935219319e+01
9.387931034482760140e+01 6.867919198537575198e+01
9.387931034482760140e+01 6.867919198537575198e+01
9.387931034482760140e+01 6.867919198537575198e+01
9.533898305084746028e+01 6.830717609030755000e+01
9.525000000000001421e+01 6.793492864899141637e+01
9.375000000000000000e+01 6.793492864899141637e+01
9.375000000000000000e+01 6.793492864899141637e+01
9.375000000000000000e+01 6.793492864899141637e+01
9.368852459016393652e+01 6.756244529294869494e+01
9.368852459016393652e+01 6.756244529294869494e+01
9.362903225806451246e+01 6.718972162985977548e+01
9.217741935483871885e+01 6.718972162985977548e+01
9.217741935483871885e+01 6.718972162985977548e+01
9.217741935483871885e+01 6.718972162985977548e+01
9.214285714285713880e+01 6.681675324303833463e+01
9.214285714285713880e+01 6.681675324303833463e+01
9.210937500000000000e+01 6.644353569089876999e+01
9.210937500000000000e+01 6.644353569089876999e+01
9.210937500000000000e+01 6.644353569089876999e+01
9.346153846153846700e+01 6.607006450641591755e+01
9.340909090909090651e+01 6.569633519657743648e+01
9.340909090909090651e+01 6.569633519657743648e+01
9.340909090909090651e+01 6.569633519657743648e+01
9.470149253731342753e+01 6.532234324182820728e+01
9.463235294117649232e+01 6.494808409550687145e+01
9.463235294117649232e+01 6.494808409550687145e+01
9.456521739130434412e+01 6.457355318327412874e+01
9.326086956521739069e+01 6.457355318327412874e+01
9.326086956521739069e+01 6.457355318327412874e+01
9.326086956521739069e+01 6.457355318327412874e+01
9.321428571428572241e+01 6.419874590253252222e+01
9.321428571428572241e+01 6.419874590253252222e+01
9.316901408450704025e+01 6.382365762183777491e+01
9.316901408450704025e+01 6.382365762183777491e+01
9.316901408450704025e+01 6.382365762183777491e+01
9.437499999999998579e+01 6.344828368030105992e+01
9.431506849315069019e+01 6.307261938698222536e+01
9.431506849315069019e+01 6.307261938698222536e+01
9.431506849315069019e+01 6.307261938698222536e+01
9.547297297297298257e+01 6.269666002027375384e+01
9.547297297297298257e+01 6.269666002027375384e+01
9.547297297297298257e+01 6.269666002027375384e+01
9.668918918918919303e+01 6.269666002027375384e+01
9.779999999999999716e+01 6.232040082727500874e+01
9.769736842105261587e+01 6.194383702315671059e+01
9.651315789473684958e+01 6.194383702315671059e+01
9.651315789473684958e+01 6.194383702315671059e+01
9.651315789473684958e+01 6.194383702315671059e+01
9.642857142857141639e+01 6.156696379051533086e+01
9.642857142857141639e+01 6.156696379051533086e+01
