# desi footprint SGC:
# Let data tell natural coordinate system: if ra.min()<0, put singularity at
# ra=-180, else put singularity at ra=0
  50.97656  -19.47122
  50.97656  -19.47122
  50.97656  -19.47122
  51.32812  -19.15501
  51.67969  -19.47122
  51.67969  -19.47122
  51.67969  -19.47122
  52.03125  -19.15501
  52.38281  -19.47122
  52.38281  -19.47122
  52.38281  -19.47122
  52.73438  -19.15501
  53.08594  -19.47122
  53.08594  -19.47122
  53.08594  -19.47122
  53.43750  -19.15501
  53.78906  -19.47122
  53.78906  -19.47122
  53.78906  -19.47122
  54.14062  -19.15501
  54.14062  -19.15501
  54.49219  -18.83940
  54.49219  -18.83940
  54.49219  -18.83940
  54.49219  -18.20996
  54.84375  -17.89609
  54.84375  -17.89609
  54.84375  -17.89609
  54.84375  -17.89609
  54.49219  -17.58278
  54.49219  -17.58278
  54.14062  -17.27000
  54.14062  -17.27000
  53.78906  -16.95776
  53.78906  -16.33482
  54.14062  -16.02410
  54.49219  -16.33482
  54.49219  -16.33482
  54.49219  -16.33482
  54.84375  -16.02410
  55.19531  -16.33482
  55.19531  -16.33482
  55.54688  -16.64604
  55.54688  -17.27000
  55.54688  -17.27000
  55.54688  -17.27000
  55.89844  -17.58278
  55.89844  -17.58278
  56.25000  -17.89609
  56.25000  -17.89609
  56.60156  -18.20996
  56.60156  -18.20996
  56.95312  -18.52439
  56.95312  -18.52439
  57.30469  -18.83940
  57.30469  -18.83940
  57.65625  -19.15501
  57.65625  -19.15501
  58.00781  -19.47122
  58.00781  -19.47122
  58.00781  -19.47122
  58.35938  -19.15501
  58.71094  -19.47122
  58.71094  -19.47122
  58.71094  -19.47122
  59.06250  -19.15501
  59.06250  -19.15501
  59.41406  -18.83940
  59.41406  -18.83940
  59.76562  -18.52439
  59.76562  -18.52439
  59.76562  -18.52439
  59.76562  -17.89609
  60.11719  -17.58278
  60.46875  -17.89609
  60.46875  -17.89609
  60.46875  -17.89609
  60.82031  -17.58278
  61.17187  -17.89609
  61.17187  -17.89609
  61.17187  -17.89609
  61.52344  -17.58278
  61.87500  -17.89609
  61.87500  -17.89609
  61.87500  -17.89609
  62.22656  -17.58278
  62.57812  -17.89609
  62.57812  -17.89609
  62.57812  -17.89609
  62.92969  -17.58278
  62.92969  -17.58278
  63.28125  -17.27000
  63.28125  -17.27000
  63.63281  -16.95776
  63.63281  -16.95776
  63.98437  -16.64604
  63.98437  -16.64604
  64.33594  -16.33482
  64.33594  -16.33482
  64.68750  -16.02410
  64.68750  -16.02410
  65.03906  -15.71386
  65.03906  -15.71386
  65.39062  -15.40409
  65.39062  -15.40409
  65.39062  -15.40409
  65.39062  -14.78593
  65.74219  -14.47751
  66.09375  -14.78593
  66.09375  -14.78593
  66.09375  -14.78593
  66.44531  -14.47751
  66.44531  -14.47751
  66.79688  -14.16952
  67.14844  -14.47751
  67.14844  -14.47751
  67.50000  -14.78593
  67.50000  -14.78593
  67.50000  -14.78593
  67.85156  -14.47751
  67.85156  -14.47751
  68.20312  -14.16952
  68.20312  -14.16952
  68.55469  -13.86195
  68.55469  -13.86195
  68.55469  -13.86195
  68.55469  -13.24801
  68.90625  -12.94163
  68.90625  -12.94163
  69.25781  -12.63563
  69.25781  -12.63563
  69.60938  -12.32998
  69.60938  -12.32998
  69.60938  -12.32998
  69.60938  -11.71976
  69.96094  -11.41516
  69.96094  -11.41516
  70.31250  -11.11088
  70.31250  -11.11088
  70.31250  -11.11088
  70.31250  -10.50327
  70.31250  -10.50327
  70.31250   -9.89685
  70.31250   -9.89685
  70.31250   -9.29155
  70.31250   -9.29155
  70.31250   -8.68730
  70.31250   -8.68730
  70.31250   -8.08401
  70.66406   -7.78271
  70.66406   -7.78271
  70.66406   -7.78271
  70.66406   -7.18076
  70.66406   -7.18076
  70.66406   -7.18076
  70.31250   -6.88008
  70.31250   -6.88008
  69.96094   -6.57959
  69.96094   -5.97916
  69.96094   -5.97916
  69.96094   -5.97916
  69.60938   -5.67919
  69.60938   -5.07972
  69.60938   -5.07972
  69.60938   -5.07972
  69.25781   -4.78019
  69.25781   -4.78019
  68.90625   -4.48080
  68.90625   -3.88237
  68.90625   -3.88237
  68.90625   -3.88237
  68.55469   -3.58332
  68.55469   -3.58332
  68.20312   -3.28437
  68.20312   -3.28437
  67.85156   -2.98551
  67.85156   -2.98551
  67.50000   -2.68672
  67.50000   -2.08937
  67.50000   -2.08937
  67.50000   -2.08937
  67.14844   -1.79078
  67.14844   -1.79078
  66.79688   -1.49225
  66.79688   -1.49225
  66.79688   -1.49225
  66.44531   -1.79078
  66.09375   -1.49225
  66.09375   -1.49225
  65.74219   -1.19375
  65.74219   -0.59684
  65.74219   -0.59684
  65.74219   -0.59684
  65.39062   -0.29842
  65.39062   -0.29842
  65.03906    0.00000
  65.03906    0.00000
  65.03906    0.00000
  64.68750   -0.29842
  64.33594    0.00000
  64.33594    0.00000
  64.33594    0.00000
  63.98437   -0.29842
  63.63281    0.00000
  63.63281    0.00000
  63.63281    0.00000
  63.28125   -0.29842
  63.28125   -0.29842
  62.92969   -0.59684
  62.92969   -0.59684
  62.57812   -0.89528
  62.57812   -0.89528
  62.57812   -0.89528
  62.57812   -1.49225
  62.22656   -1.79078
  61.87500   -1.49225
  61.87500   -1.49225
  61.87500   -1.49225
  61.52344   -1.79078
  61.17187   -1.49225
  61.17187   -1.49225
  61.17187   -1.49225
  60.82031   -1.79078
  60.46875   -1.49225
  60.46875   -1.49225
  60.46875   -1.49225
  60.11719   -1.79078
  59.76562   -1.49225
  59.76562   -1.49225
  59.76562   -1.49225
  59.41406   -1.79078
  59.06250   -1.49225
  59.06250   -1.49225
  59.06250   -1.49225
  58.71094   -1.79078
  58.35938   -1.49225
  58.35938   -1.49225
  58.35938   -1.49225
  58.00781   -1.79078
  57.65625   -1.49225
  57.65625   -1.49225
  57.65625   -1.49225
  57.30469   -1.79078
  56.95312   -1.49225
  56.95312   -0.89528
  56.95312   -0.89528
  56.95312   -0.29842
  56.95312   -0.29842
  56.95312    0.29842
  56.95312    0.29842
  56.95312    0.29842
  56.60156    0.59684
  56.60156    0.59684
  56.25000    0.89528
  56.25000    0.89528
  55.89844    1.19375
  55.89844    1.19375
  55.54688    1.49225
  55.54688    1.49225
  55.54688    1.49225
  55.19531    1.19375
  54.84375    1.49225
  54.84375    1.49225
  54.84375    1.49225
  54.49219    1.19375
  54.14062    1.49225
  54.14062    1.49225
  54.14062    1.49225
  53.78906    1.19375
  53.78906    1.19375
  53.43750    0.89528
  53.43750    0.89528
  53.08594    0.59684
  52.73438    0.89528
  52.73438    0.89528
  52.38281    1.19375
  52.38281    1.19375
  52.03125    1.49225
  52.03125    1.49225
  52.03125    1.49225
  51.67969    1.19375
  51.32812    1.49225
  51.32812    2.08937
  51.32812    2.08937
  51.32812    2.08937
  50.97656    2.38802
  50.97656    2.38802
  50.62500    2.68672
  50.62500    2.68672
  50.27344    2.98551
  50.27344    2.98551
  49.92187    3.28437
  49.92187    3.88237
  49.92187    3.88237
  49.92187    3.88237
  49.57031    4.18153
  49.57031    4.18153
  49.21875    4.48080
  49.21875    4.48080
  49.21875    4.48080
  48.86719    4.18153
  48.51562    4.48080
  48.51562    4.48080
  48.16406    4.78019
  48.16406    4.78019
  48.16406    4.78019
  47.81250    4.48080
  47.81250    4.48080
  47.46094    4.18153
  47.10938    4.48080
  47.10938    4.48080
  47.10938    4.48080
  46.75781    4.18153
  46.40625    4.48080
  46.40625    4.48080
  46.05469    4.78019
  46.05469    4.78019
  45.70312    5.07972
  45.70312    5.07972
  45.35156    5.37938
  45.35156    5.37938
  45.00000    5.67919
  45.00000    5.67919
  44.64844    5.97916
  44.64844    6.57959
  44.64844    6.57959
  44.64844    6.57959
  44.29688    6.88008
  44.29688    6.88008
  43.94531    7.18076
  43.94531    7.18076
  43.59375    7.48163
  43.59375    8.08401
  43.59375    8.08401
  43.59375    8.08401
  43.24219    8.38554
  43.24219    8.38554
  42.89062    8.68730
  42.89062    8.68730
  42.53906    8.98930
  42.53906    8.98930
  42.18750    9.29155
  42.18750    9.89685
  42.18750    9.89685
  42.18750    9.89685
  42.18750    9.89685
  41.83594    9.59407
  41.48438    9.89685
  41.48438   10.50327
  41.48438   10.50327
  41.48438   11.11088
  41.83594   11.41516
  41.83594   11.41516
  42.18750   11.71976
  42.18750   11.71976
  42.53906   12.02470
  42.53906   12.02470
  42.89062   12.32998
  42.89062   12.32998
  42.89062   12.32998
  42.89062   12.94163
  42.89062   12.94163
  42.89062   13.55478
  42.89062   13.55478
  42.89062   13.55478
  42.53906   13.86195
  42.53906   13.86195
  42.18750   14.16952
  42.18750   14.16952
  41.83594   14.47751
  41.83594   15.09479
  42.18750   15.40409
  42.18750   15.40409
  42.18750   15.40409
  42.18750   16.02410
  42.18750   16.02410
  42.18750   16.64604
  42.18750   16.64604
  42.18750   17.27000
  42.18750   17.27000
  42.18750   17.89609
  42.53906   18.20996
  42.53906   18.20996
  42.53906   18.20996
  42.53906   18.83940
  42.53906   18.83940
  42.53906   19.47122
  42.53906   19.47122
  42.53906   20.10551
  42.53906   20.10551
  42.53906   20.74238
  42.53906   20.74238
  42.53906   20.74238
  42.18750   21.06182
  42.18750   21.06182
  41.83594   21.38194
  41.83594   21.38194
  41.48438   21.70277
  41.48438   21.70277
  41.13281   22.02431
  41.13281   22.02431
  40.78125   22.34659
  40.78125   22.34659
  40.78125   22.34659
  40.42969   22.02431
  40.07812   22.34659
  40.07812   22.34659
  40.07812   22.34659
  39.72656   22.02431
  39.37500   22.34659
  39.37500   22.34659
  39.37500   22.34659
  39.02344   22.02431
  38.67187   22.34659
  38.67187   22.99339
  38.67187   22.99339
  39.02344   23.31796
  39.72656   23.31796
  39.72656   23.31796
  39.72656   23.31796
  39.72656   23.31796
  39.37500   23.64331
  39.72656   23.96948
  39.72656   23.96948
  40.07812   24.29648
  40.07812   24.29648
  40.07812   24.29648
  39.72656   24.62432
  40.07812   24.95302
  40.07812   24.95302
  40.42969   25.28260
  40.42969   25.28260
  40.78125   25.61308
  40.78125   25.61308
  41.13281   25.94448
  41.13281   25.94448
  41.13281   25.94448
  40.78125   26.27681
  41.13281   26.61010
  41.13281   26.61010
  41.13281   26.61010
  40.78125   26.94436
  40.78125   26.94436
  40.42969   27.27961
  40.42969   27.27961
  40.07812   27.61588
  40.07812   27.61588
  39.72656   27.95319
  40.07812   28.29155
  40.07812   28.29155
  40.07812   28.29155
  40.07812   28.29155
  39.37500   28.29155
  39.02344   28.63099
  39.37500   28.97153
  39.37500   28.97153
  39.37500   28.97153
  39.02344   29.31320
  39.02344   29.31320
  38.67188   29.65601
  38.67188   29.65601
  38.32031   30.00000
  38.32031   30.00000
  37.96875   30.34518
  37.96875   30.34518
  37.61719   30.69159
  37.61719   30.69159
  37.26562   31.03924
  37.26562   31.03924
  36.91406   31.38817
  36.91406   31.38817
  36.56250   31.73839
  36.56250   31.73839
  36.21094   32.08995
  36.21094   32.08995
  35.85937   32.44287
  35.85937   32.44287
  35.50781   32.79717
  35.50781   32.79717
  35.15625   33.15289
  35.15625   33.15289
  35.15625   33.15289
  34.45312   33.15289
  34.10156   33.51006
  34.10156   33.51006
  34.10156   33.51006
  33.39844   33.51006
  33.39844   33.51006
  33.39844   33.51006
  33.04688   33.15289
  32.34375   33.15289
  31.99219   33.51006
  31.99219   33.51006
  31.99219   33.51006
  31.28906   33.51006
  30.93750   33.86870
  30.93750   33.86870
  30.93750   33.86870
  30.23438   33.86870
  30.23438   33.86870
  29.53125   33.86870
  29.53125   33.86870
  28.82812   33.86870
  28.82812   33.86870
  28.12500   33.86870
  27.77344   34.22887
  27.77344   34.22887
  27.77344   34.22887
  27.07031   34.22887
  27.07031   34.22887
  26.36719   34.22887
  26.36719   34.22887
  26.36719   34.22887
  26.01562   33.86870
  25.31250   33.86870
  24.96094   34.22887
  24.96094   34.22887
  24.96094   34.22887
  24.25781   34.22887
  24.25781   34.22887
  23.55469   34.22887
  23.55469   34.22887
  22.85156   34.22887
  22.85156   34.22887
  22.14844   34.22887
  22.14844   34.22887
  21.44531   34.22887
  21.44531   34.22887
  20.74219   34.22887
  20.39062   34.59057
  20.39062   34.59057
  20.39062   34.59057
  19.68750   34.59057
  19.68750   34.59057
  18.98438   34.59057
  18.98438   34.59057
  18.28125   34.59057
  18.28125   34.59057
  18.28125   34.59057
  17.92969   34.22887
  17.22656   34.22887
  16.87500   34.59057
  16.87500   34.59057
  16.87500   34.59057
  16.17188   34.59057
  16.17188   34.59057
  15.46875   34.59057
  15.46875   34.59057
  14.76563   34.59057
  14.76563   34.59057
  14.06250   34.59057
  14.06250   34.59057
  13.35937   34.59057
  13.35937   34.59057
  12.65625   34.59057
  12.65625   34.59057
  11.95313   34.59057
  11.95313   34.59057
  11.25000   34.59057
  11.25000   34.59057
  10.54687   34.59057
  10.54687   34.59057
   9.84375   34.59057
   9.84375   34.59057
   9.14062   34.59057
   9.14062   34.59057
   8.43750   34.59057
   8.43750   34.59057
   7.73437   34.59057
   7.73437   34.59057
   7.03125   34.59057
   7.03125   34.59057
   6.32812   34.59057
   6.32812   34.59057
   5.62500   34.59057
   5.62500   34.59057
   4.92188   34.59057
   4.92188   34.59057
   4.21875   34.59057
   4.21875   34.59057
   3.51562   34.59057
   3.51562   34.59057
   2.81250   34.59057
   2.81250   34.59057
   2.10938   34.59057
   2.10938   34.59057
   1.40625   34.59057
   1.40625   34.59057
   0.70312   34.59057
   0.70312   34.59057
   0.00000   34.59057
   0.00000   34.59057
  -0.70312   34.59057
  -0.70312   34.59057
  -1.40625   34.59057
  -1.40625   34.59057
  -2.10938   34.59057
  -2.10938   34.59057
  -2.81250   34.59057
  -2.81250   34.59057
  -3.51563   34.59057
  -3.51563   34.59057
  -4.21875   34.59057
  -4.21875   34.59057
  -4.92188   34.59057
  -4.92188   34.59057
  -5.62500   34.59057
  -5.62500   34.59057
  -6.32812   34.59057
  -6.32812   34.59057
  -7.03125   34.59057
  -7.03125   34.59057
  -7.73438   34.59057
  -7.73438   34.59057
  -8.43750   34.59057
  -8.43750   34.59057
  -9.14063   34.59057
  -9.14063   34.59057
  -9.14063   34.59057
  -9.49219   34.22887
 -10.19531   34.22887
 -10.19531   34.22887
 -10.89844   34.22887
 -10.89844   34.22887
 -11.60156   34.22887
 -11.60156   34.22887
 -12.30469   34.22887
 -12.30469   34.22887
 -13.00781   34.22887
 -13.00781   34.22887
 -13.71094   34.22887
 -13.71094   34.22887
 -14.41406   34.22887
 -14.41406   34.22887
 -15.11719   34.22887
 -15.11719   34.22887
 -15.82031   34.22887
 -15.82031   34.22887
 -16.52344   34.22887
 -16.52344   34.22887
 -16.52344   34.22887
 -16.87500   33.86870
 -17.57813   33.86870
 -17.57813   33.86870
 -18.28125   33.86870
 -18.28125   33.86870
 -18.98438   33.86870
 -18.98438   33.86870
 -19.68750   33.86870
 -19.68750   33.86870
 -20.39062   33.86870
 -20.39062   33.86870
 -20.39062   33.86870
 -20.74219   33.51006
 -21.44531   33.51006
 -21.44531   33.51006
 -22.14844   33.51006
 -22.14844   33.51006
 -22.85156   33.51006
 -22.85156   33.51006
 -22.85156   33.51006
 -23.20312   33.15289
 -23.90625   33.15289
 -23.90625   33.15289
 -24.60938   33.15289
 -24.60938   33.15289
 -24.60938   33.15289
 -24.96094   32.79717
 -24.96094   32.79717
 -25.31250   32.44287
 -25.31250   32.44287
 -25.31250   32.44287
 -24.96094   32.08995
 -25.31250   31.73839
 -25.31250   31.73839
 -25.66406   31.38817
 -25.66406   31.38817
 -25.66406   31.38817
 -25.31250   31.03924
 -25.66406   30.69159
 -26.36719   30.69159
 -26.36719   30.69159
 -27.07031   30.69159
 -27.07031   30.69159
 -27.77344   30.69159
 -27.77344   30.69159
 -28.47656   30.69159
 -28.47656   30.69159
 -28.47656   30.69159
 -28.82812   30.34518
 -28.82812   30.34518
 -29.17969   30.00000
 -29.17969   30.00000
 -29.17969   30.00000
 -28.82812   29.65601
 -29.17969   29.31320
 -29.88281   29.31320
 -29.88281   29.31320
 -29.88281   29.31320
 -30.23438   28.97153
 -30.23438   28.97153
 -30.58594   28.63099
 -30.58594   28.63099
 -30.93750   28.29155
 -30.93750   28.29155
 -31.28906   27.95319
 -31.28906   27.95319
 -31.64063   27.61588
 -32.34375   27.61588
 -32.34375   27.61588
 -32.34375   27.61588
 -32.69531   27.27961
 -32.69531   27.27961
 -33.04688   26.94436
 -33.04688   26.94436
 -33.39844   26.61010
 -33.39844   26.61010
 -33.75000   26.27681
 -33.75000   26.27681
 -33.75000   26.27681
 -33.39844   25.94448
 -33.75000   25.61308
 -33.75000   25.61308
 -34.10156   25.28260
 -34.10156   25.28260
 -34.45313   24.95302
 -34.45313   24.95302
 -34.80469   24.62432
 -34.80469   24.62432
 -35.15625   24.29648
 -35.15625   24.29648
 -35.50781   23.96948
 -35.50781   23.96948
 -35.85938   23.64331
 -35.85938   23.64331
 -36.21094   23.31796
 -36.21094   23.31796
 -36.56250   22.99339
 -36.56250   22.99339
 -36.91406   22.66961
 -37.26562   22.34659
 -37.26562   22.34659
 -37.61719   22.02431
 -37.61719   22.02431
 -37.96875   21.70277
 -37.96875   21.70277
 -38.32031   21.38194
 -38.32031   21.38194
 -38.67188   21.06182
 -38.67188   21.06182
 -39.02344   20.74238
 -39.02344   20.74238
 -39.37500   20.42362
 -39.72656   20.74238
 -39.72656   20.74238
 -39.72656   20.74238
 -40.07813   20.42362
 -40.07813   20.42362
 -40.07813   20.42362
 -40.07813   19.78805
 -40.42969   19.47122
 -40.42969   19.47122
 -40.42969   19.47122
 -40.42969   18.83940
 -40.78125   18.52439
 -40.78125   18.52439
 -41.13281   18.20996
 -41.13281   18.20996
 -41.48438   17.89609
 -41.48438   17.89609
 -41.83594   17.58278
 -42.18750   17.89609
 -42.18750   17.89609
 -42.18750   17.89609
 -42.53906   17.58278
 -42.53906   17.58278
 -42.89062   17.27000
 -42.89062   17.27000
 -42.89062   17.27000
 -42.89062   16.64604
 -43.24219   16.33482
 -43.24219   16.33482
 -43.59375   16.02410
 -43.59375   16.02410
 -43.59375   16.02410
 -43.59375   15.40409
 -43.94531   15.09479
 -43.94531   15.09479
 -44.29688   14.78593
 -44.29688   14.78593
 -44.64844   14.47751
 -44.64844   14.47751
 -45.00000   14.16952
 -45.00000   14.16952
 -45.00000   14.16952
 -45.00000   13.55478
 -45.35156   13.24801
 -45.35156   13.24801
 -45.70313   12.94163
 -45.70313   12.94163
 -46.05469   12.63563
 -46.05469   12.63563
 -46.05469   12.63563
 -46.05469   12.02470
 -46.40625   11.71976
 -46.40625   11.71976
 -46.75781   11.41516
 -46.75781   11.41516
 -47.10938   11.11088
 -47.10938   11.11088
 -47.10938   11.11088
 -47.10938   10.50327
 -47.46094   10.19992
 -47.46094   10.19992
 -47.81250    9.89685
 -47.81250    9.89685
 -48.16406    9.59407
 -48.16406    9.59407
 -48.16406    9.59407
 -48.16406    8.98930
 -48.51562    8.68730
 -48.51562    8.68730
 -48.86719    8.38554
 -48.86719    8.38554
 -48.86719    8.38554
 -48.86719    7.78271
 -49.21875    7.48163
 -49.21875    7.48163
 -49.57031    7.18076
 -49.92188    7.48163
 -49.92188    7.48163
 -49.92188    7.48163
 -50.27344    7.18076
 -50.27344    7.18076
 -50.27344    7.18076
 -50.27344    6.57959
 -50.62500    6.27929
 -50.62500    6.27929
 -50.62500    6.27929
 -50.62500    5.67919
 -50.97656    5.37938
 -50.97656    5.37938
 -51.32812    5.07972
 -51.32812    5.07972
 -51.32812    5.07972
 -51.32812    4.48080
 -51.32812    4.48080
 -51.32812    3.88237
 -51.67969    3.58332
 -51.67969    3.58332
 -51.67969    3.58332
 -51.67969    2.98551
 -52.03125    2.68672
 -52.38281    2.98551
 -52.38281    2.98551
 -52.38281    2.98551
 -52.73438    2.68672
 -52.73438    2.68672
 -52.73438    2.68672
 -52.73438    2.08937
 -53.08594    1.79078
 -53.08594    1.79078
 -53.08594    1.79078
 -53.08594    1.19375
 -53.08594    1.19375
 -53.08594    1.19375
 -52.73438    0.89528
 -52.73438    0.89528
 -52.38281    0.59684
 -52.38281    0.59684
 -52.03125    0.29842
 -52.03125    0.29842
 -51.67969    0.00000
 -51.67969   -0.59684
 -51.67969   -0.59684
 -51.67969   -1.19375
 -52.03125   -1.49225
 -52.03125   -1.49225
 -52.38281   -1.79078
 -52.38281   -1.79078
 -52.73438   -2.08937
 -52.73438   -2.08937
 -53.08594   -2.38802
 -53.08594   -2.38802
 -53.08594   -2.38802
 -53.08594   -2.98551
 -53.08594   -2.98551
 -53.08594   -3.58332
 -53.08594   -3.58332
 -53.08594   -3.58332
 -52.73438   -3.88237
 -52.73438   -4.48080
 -52.73438   -4.48080
 -52.73438   -5.07972
 -53.08594   -5.37938
 -53.08594   -5.37938
 -53.08594   -5.37938
 -53.08594   -5.97916
 -53.08594   -5.97916
 -53.08594   -6.57959
 -53.08594   -6.57959
 -53.08594   -6.57959
 -52.73438   -6.88008
 -52.73438   -6.88008
 -52.38281   -7.18076
 -52.38281   -7.78271
 -52.38281   -7.78271
 -52.38281   -7.78271
 -52.03125   -8.08401
 -52.03125   -8.68730
 -52.03125   -8.68730
 -52.03125   -8.68730
 -51.67969   -8.98930
 -51.67969   -8.98930
 -51.67969   -8.98930
 -51.32812   -8.68730
 -50.97656   -8.98930
 -50.97656   -8.98930
 -50.62500   -9.29155
 -50.62500   -9.89685
 -50.62500   -9.89685
 -50.62500   -9.89685
 -50.27344  -10.19992
 -50.27344  -10.19992
 -49.92188  -10.50327
 -49.92188  -10.50327
 -49.57031  -10.80692
 -49.57031  -11.41516
 -49.57031  -11.41516
 -49.57031  -11.41516
 -49.21875  -11.71976
 -49.21875  -11.71976
 -48.86719  -12.02470
 -48.86719  -12.02470
 -48.86719  -12.02470
 -48.51562  -11.71976
 -48.16406  -12.02470
 -48.16406  -12.02470
 -47.81250  -12.32998
 -47.81250  -12.32998
 -47.46094  -12.63563
 -47.46094  -12.63563
 -47.10938  -12.94163
 -47.10938  -12.94163
 -46.75781  -13.24801
 -46.75781  -13.24801
 -46.40625  -13.55478
 -46.40625  -13.55478
 -46.40625  -13.55478
 -46.05469  -13.24801
 -45.70313  -13.55478
 -45.70313  -13.55478
 -45.70313  -13.55478
 -45.35156  -13.24801
 -45.00000  -13.55478
 -45.00000  -13.55478
 -45.00000  -13.55478
 -44.64844  -13.24801
 -44.29688  -13.55478
 -44.29688  -13.55478
 -44.29688  -13.55478
 -43.94531  -13.24801
 -43.59375  -13.55478
 -43.59375  -13.55478
 -43.59375  -13.55478
 -43.24219  -13.24801
 -42.89062  -13.55478
 -42.89062  -13.55478
 -42.89062  -13.55478
 -42.53906  -13.24801
 -42.18750  -13.55478
 -42.18750  -13.55478
 -42.18750  -13.55478
 -41.83594  -13.24801
 -41.48438  -13.55478
 -41.48438  -13.55478
 -41.48438  -13.55478
 -41.13281  -13.24801
 -40.78125  -13.55478
 -40.78125  -13.55478
 -40.78125  -13.55478
 -40.42969  -13.24801
 -40.07813  -13.55478
 -40.07813  -13.55478
 -40.07813  -13.55478
 -39.72656  -13.24801
 -39.37500  -13.55478
 -39.37500  -13.55478
 -39.37500  -13.55478
 -39.02344  -13.24801
 -38.67188  -13.55478
 -38.67188  -13.55478
 -38.67188  -13.55478
 -38.32031  -13.24801
 -38.32031  -13.24801
 -37.96875  -12.94163
 -37.61719  -13.24801
 -37.61719  -13.24801
 -37.26562  -13.55478
 -37.26562  -13.55478
 -36.91406  -13.86195
 -36.91406  -13.86195
 -36.56250  -14.16952
 -36.56250  -14.16952
 -36.21094  -14.47751
 -36.21094  -14.47751
 -36.21094  -14.47751
 -35.85938  -14.16952
 -35.50781  -14.47751
 -35.50781  -14.47751
 -35.50781  -14.47751
 -35.15625  -14.16952
 -34.80469  -14.47751
 -34.80469  -14.47751
 -34.80469  -14.47751
 -34.45313  -14.16952
 -34.10156  -14.47751
 -34.10156  -14.47751
 -34.10156  -14.47751
 -33.75000  -14.16952
 -33.39844  -14.47751
 -33.39844  -14.47751
 -33.39844  -14.47751
 -33.04688  -14.16952
 -32.69531  -14.47751
 -32.69531  -14.47751
 -32.69531  -14.47751
 -32.34375  -14.16952
 -31.99219  -14.47751
 -31.99219  -14.47751
 -31.99219  -14.47751
 -31.64063  -14.16952
 -31.28906  -14.47751
 -31.28906  -14.47751
 -31.28906  -14.47751
 -30.93750  -14.16952
 -30.58594  -14.47751
 -30.58594  -14.47751
 -30.58594  -14.47751
 -30.23438  -14.16952
 -30.23438  -14.16952
 -29.88281  -13.86195
 -29.53125  -14.16952
 -29.53125  -14.16952
 -29.53125  -14.16952
 -29.17969  -13.86195
 -28.82812  -14.16952
 -28.82812  -14.16952
 -28.82812  -14.16952
 -28.47656  -13.86195
 -28.12500  -14.16952
 -28.12500  -14.16952
 -28.12500  -14.16952
 -27.77344  -13.86195
 -27.77344  -13.86195
 -27.42187  -13.55478
 -27.42187  -13.55478
 -27.07031  -13.24801
 -26.71875  -13.55478
 -26.71875  -13.55478
 -26.36719  -13.86195
 -26.36719  -13.86195
 -26.36719  -13.86195
 -26.01562  -13.55478
 -25.66406  -13.86195
 -25.66406  -13.86195
 -25.66406  -13.86195
 -25.31250  -13.55478
 -24.96094  -13.86195
 -24.96094  -13.86195
 -24.60938  -14.16952
 -24.60938  -14.16952
 -24.60938  -14.16952
 -24.25781  -13.86195
 -23.90625  -14.16952
 -23.90625  -14.16952
 -23.90625  -14.16952
 -23.55469  -13.86195
 -23.20312  -14.16952
 -23.20312  -14.16952
 -23.20312  -14.16952
 -22.85156  -13.86195
 -22.50000  -14.16952
 -22.50000  -14.16952
 -22.50000  -14.16952
 -22.14844  -13.86195
 -21.79688  -14.16952
 -21.79688  -14.16952
 -21.44531  -14.47751
 -21.44531  -14.47751
 -21.44531  -14.47751
 -21.09375  -14.16952
 -20.74219  -14.47751
 -20.74219  -14.47751
 -20.74219  -14.47751
 -20.39062  -14.16952
 -20.03906  -14.47751
 -20.03906  -14.47751
 -20.03906  -14.47751
 -19.68750  -14.16952
 -19.33594  -14.47751
 -19.33594  -14.47751
 -19.33594  -14.47751
 -18.98438  -14.16952
 -18.63281  -14.47751
 -18.63281  -14.47751
 -18.63281  -14.47751
 -18.28125  -14.16952
 -17.92969  -14.47751
 -17.92969  -14.47751
 -17.92969  -14.47751
 -17.57813  -14.16952
 -17.22656  -14.47751
 -17.22656  -14.47751
 -17.22656  -14.47751
 -16.87500  -14.16952
 -16.52344  -14.47751
 -16.52344  -14.47751
 -16.52344  -14.47751
 -16.17188  -14.16952
 -15.82031  -14.47751
 -15.82031  -14.47751
 -15.46875  -14.78593
 -15.46875  -14.78593
 -15.46875  -14.78593
 -15.11719  -14.47751
 -15.11719  -14.47751
 -14.76562  -14.16952
 -14.41406  -14.47751
 -14.41406  -14.47751
 -14.41406  -14.47751
 -14.06250  -14.16952
 -13.71094  -14.47751
 -13.71094  -14.47751
 -13.71094  -14.47751
 -13.35938  -14.16952
 -13.00781  -14.47751
 -13.00781  -14.47751
 -12.65625  -14.78593
 -12.65625  -14.78593
 -12.65625  -14.78593
 -12.30469  -14.47751
 -11.95312  -14.78593
 -11.95312  -14.78593
 -11.95312  -14.78593
 -11.60156  -14.47751
 -11.60156  -14.47751
 -11.25000  -14.16952
 -10.89844  -14.47751
 -10.89844  -14.47751
 -10.54688  -14.78593
 -10.54688  -14.78593
 -10.54688  -14.78593
 -10.19531  -14.47751
  -9.84375  -14.78593
  -9.84375  -14.78593
  -9.84375  -14.78593
  -9.49219  -14.47751
  -9.14063  -14.78593
  -9.14063  -14.78593
  -9.14063  -14.78593
  -8.78906  -14.47751
  -8.78906  -14.47751
  -8.43750  -14.16952
  -8.08594  -14.47751
  -8.08594  -14.47751
  -7.73438  -14.78593
  -7.73438  -14.78593
  -7.73438  -14.78593
  -7.38281  -14.47751
  -7.03125  -14.78593
  -7.03125  -14.78593
  -7.03125  -14.78593
  -6.67969  -14.47751
  -6.32812  -14.78593
  -6.32812  -14.78593
  -6.32812  -14.78593
  -5.97656  -14.47751
  -5.62500  -14.78593
  -5.62500  -14.78593
  -5.62500  -14.78593
  -5.27344  -14.47751
  -4.92188  -14.78593
  -4.92188  -14.78593
  -4.92188  -14.78593
  -4.57031  -14.47751
  -4.21875  -14.78593
  -4.21875  -14.78593
  -4.21875  -14.78593
  -3.86719  -14.47751
  -3.51563  -14.78593
  -3.51563  -14.78593
  -3.51563  -14.78593
  -3.16406  -14.47751
  -2.81250  -14.78593
  -2.81250  -14.78593
  -2.81250  -14.78593
  -2.46094  -14.47751
  -2.10938  -14.78593
  -2.10938  -14.78593
  -2.10938  -14.78593
  -1.75781  -14.47751
  -1.40625  -14.78593
  -1.40625  -14.78593
  -1.40625  -14.78593
  -1.05469  -14.47751
  -0.70312  -14.78593
  -0.70312  -14.78593
  -0.70312  -14.78593
  -0.35156  -14.47751
   0.00000  -14.78593
   0.00000  -14.78593
   0.00000  -14.78593
   0.35156  -14.47751
   0.70312  -14.78593
   0.70312  -14.78593
   0.70312  -14.78593
   1.05469  -14.47751
   1.40625  -14.78593
   1.40625  -14.78593
   1.40625  -14.78593
   1.75781  -14.47751
   2.10938  -14.78593
   2.10938  -14.78593
   2.10938  -14.78593
   2.46094  -14.47751
   2.81250  -14.78593
   2.81250  -14.78593
   2.81250  -14.78593
   3.16406  -14.47751
   3.51562  -14.78593
   3.51562  -14.78593
   3.51562  -14.78593
   3.86719  -14.47751
   4.21875  -14.78593
   4.21875  -14.78593
   4.21875  -14.78593
   4.57031  -14.47751
   4.92188  -14.78593
   4.92188  -14.78593
   4.92188  -14.78593
   5.27344  -14.47751
   5.62500  -14.78593
   5.62500  -14.78593
   5.62500  -14.78593
   5.97656  -14.47751
   6.32812  -14.78593
   6.32812  -14.78593
   6.32812  -14.78593
   6.67969  -14.47751
   7.03125  -14.78593
   7.03125  -14.78593
   7.03125  -14.78593
   7.38281  -14.47751
   7.38281  -14.47751
   7.73438  -14.16952
   8.08594  -14.47751
   8.08594  -14.47751
   8.43750  -14.78593
   8.43750  -14.78593
   8.43750  -14.78593
   8.78906  -14.47751
   9.14062  -14.78593
   9.14062  -14.78593
   9.14062  -14.78593
   9.49219  -14.47751
   9.84375  -14.78593
   9.84375  -14.78593
   9.84375  -14.78593
  10.19531  -14.47751
  10.54688  -14.78593
  10.54687  -15.40409
  10.54687  -15.40409
  10.54687  -16.02410
  10.54687  -16.02410
  10.54687  -16.02410
  10.89844  -16.33482
  10.89844  -16.95776
  10.89844  -16.95776
  10.89844  -17.58278
  10.54687  -17.89609
  10.54687  -17.89609
  10.54687  -17.89609
  10.54687  -18.52439
  10.54687  -18.52439
  10.54687  -18.52439
  10.89844  -18.83940
  10.89844  -18.83940
  11.25000  -19.15501
  11.25000  -19.15501
  11.60156  -19.47122
  11.60156  -19.47122
  11.95313  -19.78805
  11.95313  -19.78805
  11.95313  -19.78805
  12.30469  -19.47122
  12.65625  -19.78805
  12.65625  -19.78805
  12.65625  -19.78805
  13.00781  -19.47122
  13.35938  -19.78805
  13.35938  -19.78805
  13.35938  -19.78805
  13.71094  -19.47122
  14.06250  -19.78805
  14.06250  -19.78805
  14.06250  -19.78805
  14.41406  -19.47122
  14.76563  -19.78805
  14.76563  -19.78805
  14.76563  -19.78805
  15.11719  -19.47122
  15.46875  -19.78805
  15.46875  -19.78805
  15.46875  -19.78805
  15.82031  -19.47122
  16.17188  -19.78805
  16.17188  -19.78805
  16.17188  -19.78805
  16.52344  -19.47122
  16.87500  -19.78805
  16.87500  -19.78805
  16.87500  -19.78805
  17.22656  -19.47122
  17.22656  -19.47122
  17.57812  -19.15501
  17.92969  -19.47122
  17.92969  -19.47122
  17.92969  -19.47122
  18.28125  -19.15501
  18.63281  -19.47122
  18.63281  -19.47122
  18.63281  -19.47122
  18.98438  -19.15501
  19.33594  -19.47122
  19.33594  -19.47122
  19.33594  -19.47122
  19.68750  -19.15501
  20.03906  -19.47122
  20.03906  -19.47122
  20.03906  -19.47122
  20.39062  -19.15501
  20.74219  -19.47122
  20.74219  -19.47122
  20.74219  -19.47122
  21.09375  -19.15501
  21.44531  -19.47122
  21.44531  -19.47122
  21.44531  -19.47122
  21.79687  -19.15501
  22.14844  -19.47122
  22.14844  -19.47122
  22.14844  -19.47122
  22.50000  -19.15501
  22.85156  -19.47122
  22.85156  -19.47122
  22.85156  -19.47122
  23.20313  -19.15501
  23.55469  -19.47122
  23.55469  -19.47122
  23.55469  -19.47122
  23.90625  -19.15501
  24.25781  -19.47122
  24.25781  -19.47122
  24.25781  -19.47122
  24.60938  -19.15501
  24.96094  -19.47122
  24.96094  -19.47122
  24.96094  -19.47122
  25.31250  -19.15501
  25.31250  -19.15501
  25.66406  -18.83940
  26.01563  -19.15501
  26.01563  -19.15501
  26.01563  -19.15501
  26.36719  -18.83940
  26.71875  -19.15501
  26.71875  -19.15501
  26.71875  -19.15501
  27.07031  -18.83940
  27.42187  -19.15501
  27.42187  -19.15501
  27.42187  -19.15501
  27.77344  -18.83940
  28.12500  -19.15501
  28.12500  -19.15501
  28.12500  -19.15501
  28.47656  -18.83940
  28.82812  -19.15501
  28.82812  -19.15501
  28.82812  -19.15501
  29.17969  -18.83940
  29.53125  -19.15501
  29.53125  -19.15501
  29.53125  -19.15501
  29.88281  -18.83940
  30.23438  -19.15501
  30.23438  -19.15501
  30.23438  -19.15501
  30.58594  -18.83940
  30.58594  -18.83940
  30.93750  -18.52439
  31.28906  -18.83940
  31.28906  -18.83940
  31.28906  -18.83940
  31.64063  -18.52439
  31.64063  -18.52439
  31.99219  -18.20996
  32.34375  -18.52439
  32.34375  -18.52439
  32.34375  -18.52439
  32.69531  -18.20996
  33.04688  -18.52439
  33.04688  -19.15501
  33.04688  -19.15501
  33.04688  -19.15501
  33.39844  -19.47122
  33.39844  -19.47122
  33.39844  -19.47122
  33.75000  -19.15501
  34.10156  -19.47122
  34.10156  -19.47122
  34.45312  -19.78805
  34.45312  -19.78805
  34.45312  -19.78805
  34.80469  -19.47122
  35.15625  -19.78805
  35.15625  -19.78805
  35.15625  -19.78805
  35.50781  -19.47122
  35.85937  -19.78805
  35.85937  -19.78805
  35.85937  -19.78805
  36.21094  -19.47122
  36.56250  -19.78805
  36.56250  -19.78805
  36.56250  -19.78805
  36.91406  -19.47122
  36.91406  -19.47122
  37.26562  -19.15501
  37.61719  -19.47122
  37.61719  -19.47122
  37.61719  -19.47122
  37.96875  -19.15501
  38.32031  -19.47122
  38.32031  -19.47122
  38.32031  -19.47122
  38.67188  -19.15501
  39.02344  -19.47122
  39.02344  -19.47122
  39.02344  -19.47122
  39.37500  -19.15501
  39.72656  -19.47122
  39.72656  -19.47122
  39.72656  -19.47122
  40.07812  -19.15501
  40.42969  -19.47122
  40.42969  -19.47122
  40.42969  -19.47122
  40.78125  -19.15501
  41.13281  -19.47122
  41.13281  -19.47122
  41.13281  -19.47122
  41.48438  -19.15501
  41.83594  -19.47122
  41.83594  -19.47122
  41.83594  -19.47122
  42.18750  -19.15501
  42.53906  -19.47122
  42.53906  -19.47122
  42.53906  -19.47122
  42.89062  -19.15501
  42.89062  -19.15501
  43.24219  -18.83940
  43.59375  -19.15501
  43.59375  -19.15501
  43.59375  -19.15501
  43.94531  -18.83940
  44.29688  -19.15501
  44.29688  -19.15501
  44.29688  -19.15501
  44.64844  -18.83940
  45.00000  -19.15501
  45.00000  -19.15501
  45.00000  -19.15501
  45.35156  -18.83940
  45.70312  -19.15501
  45.70312  -19.15501
  45.70312  -19.15501
  46.05469  -18.83940
  46.40625  -19.15501
  46.40625  -19.15501
  46.40625  -19.15501
  46.75781  -18.83940
  47.10938  -19.15501
  47.10938  -19.15501
  47.46094  -19.47122
  47.46094  -19.47122
  47.46094  -19.47122
  47.81250  -19.15501
  48.16406  -19.47122
  48.16406  -19.47122
  48.16406  -19.47122
  48.51562  -19.15501
  48.86719  -19.47122
  48.86719  -19.47122
  48.86719  -19.47122
  49.21875  -19.15501
  49.57031  -19.47122
  49.57031  -19.47122
  49.57031  -19.47122
  49.92187  -19.15501
  50.27344  -19.47122
  50.27344  -19.47122
  50.27344  -19.47122
  50.62500  -19.15501
  50.97656  -19.47122
