#z 0.051
3552.58569336 5.5905e-16
3554.76845217 6.02846e-16
3556.95121098 6.11043e-16
3559.13396978 5.82657e-16
3561.31672859 5.90951e-16
3563.4994874 5.87216e-16
3565.68224621 6.05188e-16
3567.86500502 6.16129e-16
3570.04776382 5.80681e-16
3572.23052263 5.76335e-16
3574.41328144 5.85925e-16
3576.59604025 6.16138e-16
3578.77879906 5.99618e-16
3580.96155787 5.69796e-16
3583.14431667 5.96565e-16
3585.32707548 5.9635e-16
3587.50983429 6.11666e-16
3589.6925931 5.98425e-16
3591.87535191 5.77814e-16
3594.05811071 5.76279e-16
3596.24086952 6.00097e-16
3598.42362833 6.28174e-16
3600.60638714 6.31799e-16
3602.78914595 5.85857e-16
3604.97190475 5.81293e-16
3607.15466356 6.02299e-16
3609.33742237 5.90752e-16
3611.52018118 5.77309e-16
3613.70293999 5.7583e-16
3615.8856988 5.7351e-16
3618.0684576 6.08949e-16
3620.25121641 5.74017e-16
3622.43397522 5.70601e-16
3624.61673403 5.87423e-16
3626.79949284 5.94898e-16
3628.98225164 5.92666e-16
3631.16501045 6.24662e-16
3633.34776926 6.09343e-16
3635.53052807 5.76402e-16
3637.71328688 5.32644e-16
3639.89604568 5.7759e-16
3642.07880449 6.16854e-16
3644.2615633 6.13904e-16
3646.44432211 5.65869e-16
3648.62708092 6.03785e-16
3650.80983973 6.25772e-16
3652.99259853 5.8105e-16
3655.17535734 5.57506e-16
3657.35811615 5.84873e-16
3659.54087496 6.23593e-16
3661.72363377 5.60128e-16
3663.90639257 5.30783e-16
3666.08915138 5.64032e-16
3668.27191019 5.60923e-16
3670.454669 5.30904e-16
3672.63742781 5.47929e-16
3674.82018662 5.37774e-16
3677.00294542 5.95057e-16
3679.18570423 5.6239e-16
3681.36846304 5.58146e-16
3683.55122185 5.54333e-16
3685.73398066 5.52875e-16
3687.91673946 5.43341e-16
3690.09949827 5.56794e-16
3692.28225708 5.59016e-16
3694.46501589 5.54354e-16
3696.6477747 5.17782e-16
3698.8305335 5.41446e-16
3701.01329231 5.80652e-16
3703.19605112 5.6909e-16
3705.37880993 5.37565e-16
3707.56156874 5.48555e-16
3709.74432755 5.53077e-16
3711.92708635 5.74933e-16
3714.10984516 5.67645e-16
3716.29260397 5.5079e-16
3718.47536278 5.92002e-16
3720.65812159 5.55765e-16
3722.84088039 5.37077e-16
3725.0236392 5.92158e-16
3727.20639801 5.7465e-16
3729.38915682 5.80364e-16
3731.57191563 5.44319e-16
3733.75467443 5.47318e-16
3735.93743324 5.63325e-16
3738.12019205 5.6711e-16
3740.30295086 5.47537e-16
3742.48570967 5.32166e-16
3744.66846848 5.22381e-16
3746.85122728 5.54133e-16
3749.03398609 5.35585e-16
3751.2167449 5.17651e-16
3753.39950371 5.30569e-16
3755.58226252 5.4897e-16
3757.76502132 5.14253e-16
3759.94778013 5.26497e-16
3762.13053894 5.23784e-16
3764.31329775 5.67916e-16
3766.49605656 5.23479e-16
3768.67881536 5.09648e-16
3770.86157417 5.0663e-16
3773.04433298 5.29606e-16
3775.22709179 5.00585e-16
3777.4098506 5.26128e-16
3779.59260941 5.31345e-16
3781.77536821 5.51037e-16
3783.95812702 5.68183e-16
3786.14088583 5.49169e-16
3788.32364464 5.47491e-16
3790.50640345 5.38264e-16
3792.68916225 5.51685e-16
3794.87192106 5.61437e-16
3797.05467987 5.47646e-16
3799.23743868 5.42114e-16
3801.42019749 5.44185e-16
3803.6029563 5.05962e-16
3805.7857151 5.03051e-16
3807.96847391 5.35403e-16
3810.15123272 5.34907e-16
3812.33399153 5.51812e-16
3814.51675034 5.65726e-16
3816.69950914 5.35977e-16
3818.88226795 5.07509e-16
3821.06502676 4.94446e-16
3823.24778557 5.01006e-16
3825.43054438 5.17342e-16
3827.61330318 5.50824e-16
3829.79606199 5.30947e-16
3831.9788208 5.09638e-16
3834.16157961 5.43813e-16
3836.34433842 5.12251e-16
3838.52709723 5.27947e-16
3840.70985603 5.83048e-16
3842.89261484 5.49984e-16
3845.07537365 5.23804e-16
3847.25813246 5.29052e-16
3849.44089127 5.57175e-16
3851.62365007 5.47421e-16
3853.80640888 5.20268e-16
3855.98916769 5.13415e-16
3858.1719265 5.13488e-16
3860.35468531 5.08556e-16
3862.53744411 5.20807e-16
3864.72020292 5.2902e-16
3866.90296173 5.07305e-16
3869.08572054 5.17268e-16
3871.26847935 5.31247e-16
3873.45123816 5.15476e-16
3875.63399696 5.25177e-16
3877.81675577 5.2793e-16
3879.99951458 5.22118e-16
3882.18227339 5.40138e-16
3884.3650322 5.30885e-16
3886.547791 5.51553e-16
3888.73054981 5.63549e-16
3890.91330862 5.44527e-16
3893.09606743 5.30006e-16
3895.27882624 5.0377e-16
3897.46158504 5.07606e-16
3899.64434385 5.49914e-16
3901.82710266 5.48386e-16
3904.00986147 5.51448e-16
3906.19262028 5.62945e-16
3908.37537909 5.40611e-16
3910.55813789 5.54788e-16
3912.7408967 5.54887e-16
3914.92365551 5.79514e-16
3917.10641432 5.78232e-16
3919.28917313 5.53657e-16
3921.47193193 5.37278e-16
3923.65469074 5.17403e-16
3925.83744955 5.14747e-16
3928.02020836 5.24417e-16
3930.20296717 5.26657e-16
3932.38572598 5.31851e-16
3934.56848478 5.20943e-16
3936.75124359 5.17084e-16
3938.9340024 5.2133e-16
3941.11676121 5.24654e-16
3943.29952002 5.08787e-16
3945.48227882 5.30456e-16
3947.66503763 5.81444e-16
3949.84779644 5.66874e-16
3952.03055525 5.01736e-16
3954.21331406 4.97671e-16
3956.39607286 5.16437e-16
3958.57883167 5.27935e-16
3960.76159048 5.45205e-16
3962.94434929 5.50544e-16
3965.1271081 5.03266e-16
3967.30986691 5.07052e-16
3969.49262571 5.34537e-16
3971.67538452 5.4771e-16
3973.85814333 5.63701e-16
3976.04090214 5.63947e-16
3978.22366095 5.47426e-16
3980.40641975 5.50829e-16
3982.58917856 5.24073e-16
3984.77193737 5.45459e-16
3986.95469618 5.36668e-16
3989.13745499 4.96087e-16
3991.32021379 4.83387e-16
3993.5029726 4.86568e-16
3995.68573141 5.22902e-16
3997.86849022 5.25339e-16
4000.05124903 5.54021e-16
4002.23400784 5.41528e-16
4004.41676664 5.59155e-16
4006.59952545 5.53418e-16
4008.78228426 5.24071e-16
4010.96504307 5.27367e-16
4013.14780188 5.1878e-16
4015.33056068 5.29395e-16
4017.51331949 5.33311e-16
4019.6960783 4.93824e-16
4021.87883711 4.85698e-16
4024.06159592 4.85128e-16
4026.24435472 4.69728e-16
4028.42711353 4.86869e-16
4030.60987234 4.70541e-16
4032.79263115 4.59265e-16
4034.97538996 4.85765e-16
4037.15814877 5.00097e-16
4039.34090757 5.07784e-16
4041.52366638 5.05989e-16
4043.70642519 5.0681e-16
4045.889184 5.02553e-16
4048.07194281 5.16734e-16
4050.25470161 4.89712e-16
4052.43746042 5.25155e-16
4054.62021923 5.22871e-16
4056.80297804 5.10957e-16
4058.98573685 5.2484e-16
4061.16849566 5.18261e-16
4063.35125446 5.19427e-16
4065.53401327 5.12489e-16
4067.71677208 5.07971e-16
4069.89953089 5.13775e-16
4072.0822897 5.18571e-16
4074.2650485 4.99241e-16
4076.44780731 4.93784e-16
4078.63056612 4.90712e-16
4080.81332493 4.83924e-16
4082.99608374 4.95355e-16
4085.17884254 4.82337e-16
4087.36160135 4.68422e-16
4089.54436016 4.718e-16
4091.72711897 4.91701e-16
4093.90987778 4.87441e-16
4096.09263659 5.01787e-16
4098.27539539 4.9776e-16
4100.4581542 4.99417e-16
4102.64091301 4.97114e-16
4104.82367182 4.8906e-16
4107.00643063 5.04014e-16
4109.18918943 5.28269e-16
4111.37194824 5.20433e-16
4113.55470705 4.96686e-16
4115.73746586 5.27951e-16
4117.92022467 5.16468e-16
4120.10298347 4.87478e-16
4122.28574228 4.79443e-16
4124.46850109 4.85171e-16
4126.6512599 4.52238e-16
4128.83401871 4.21144e-16
4131.01677752 4.20104e-16
4133.19953632 4.0224e-16
4135.38229513 4.09144e-16
4137.56505394 4.40257e-16
4139.74781275 4.44864e-16
4141.93057156 4.79019e-16
4144.11333036 4.96861e-16
4146.29608917 4.91505e-16
4148.47884798 4.87943e-16
4150.66160679 5.02008e-16
4152.8443656 5.14888e-16
4155.0271244 5.1443e-16
4157.20988321 5.01502e-16
4159.39264202 4.94877e-16
4161.57540083 4.75594e-16
4163.75815964 4.68859e-16
4165.94091845 4.49174e-16
4168.12367725 4.15714e-16
4170.30643606 4.0775e-16
4172.48919487 4.35952e-16
4174.67195368 4.46665e-16
4176.85471249 4.58402e-16
4179.03747129 4.74639e-16
4181.2202301 5.02457e-16
4183.40298891 4.9457e-16
4185.58574772 4.8715e-16
4187.76850653 4.99071e-16
4189.95126534 5.18159e-16
4192.13402414 5.21904e-16
4194.31678295 5.16586e-16
4196.49954176 5.33619e-16
4198.68230057 5.50266e-16
4200.86505938 5.48785e-16
4203.04781818 5.19173e-16
4205.23057699 5.27968e-16
4207.4133358 5.25237e-16
4209.59609461 5.38883e-16
4211.77885342 5.22002e-16
4213.96161222 5.2664e-16
4216.14437103 5.53524e-16
4218.32712984 5.48802e-16
4220.50988865 5.57207e-16
4222.69264746 5.53977e-16
4224.87540627 5.26512e-16
4227.05816507 5.22124e-16
4229.24092388 5.19014e-16
4231.42368269 5.21609e-16
4233.6064415 5.34844e-16
4235.78920031 5.39641e-16
4237.97195911 5.42783e-16
4240.15471792 5.4414e-16
4242.33747673 5.61256e-16
4244.52023554 5.60368e-16
4246.70299435 5.48381e-16
4248.88575315 5.54816e-16
4251.06851196 5.27871e-16
4253.25127077 5.31998e-16
4255.43402958 5.49373e-16
4257.61678839 5.83823e-16
4259.7995472 5.95899e-16
4261.982306 5.59699e-16
4264.16506481 5.34177e-16
4266.34782362 5.56505e-16
4268.53058243 5.76589e-16
4270.71334124 5.59933e-16
4272.89610004 5.82039e-16
4275.07885885 5.9697e-16
4277.26161766 5.74049e-16
4279.44437647 5.70545e-16
4281.62713528 5.49588e-16
4283.80989408 5.67235e-16
4285.99265289 5.74895e-16
4288.1754117 5.65334e-16
4290.35817051 5.71801e-16
4292.54092932 6.08557e-16
4294.72368813 6.06413e-16
4296.90644693 5.88851e-16
4299.08920574 5.92423e-16
4301.27196455 5.65507e-16
4303.45472336 5.81043e-16
4305.63748217 5.65221e-16
4307.82024097 5.47868e-16
4310.00299978 5.47996e-16
4312.18575859 5.63171e-16
4314.3685174 5.49743e-16
4316.55127621 5.48084e-16
4318.73403502 5.73447e-16
4320.91679382 5.81848e-16
4323.09955263 5.995e-16
4325.28231144 5.98964e-16
4327.46507025 5.79184e-16
4329.64782906 5.73945e-16
4331.83058786 5.74354e-16
4334.01334667 5.64523e-16
4336.19610548 5.42741e-16
4338.37886429 5.5694e-16
4340.5616231 5.68398e-16
4342.7443819 5.59865e-16
4344.92714071 5.58549e-16
4347.10989952 5.66086e-16
4349.29265833 5.5297e-16
4351.47541714 5.12799e-16
4353.65817595 5.52454e-16
4355.84093475 5.61064e-16
4358.02369356 5.44262e-16
4360.20645237 5.53332e-16
4362.38921118 5.45256e-16
4364.57196999 5.43363e-16
4366.75472879 5.55313e-16
4368.9374876 5.81079e-16
4371.12024641 5.80401e-16
4373.30300522 5.65e-16
4375.48576403 5.57504e-16
4377.66852283 5.47471e-16
4379.85128164 5.2627e-16
4382.03404045 5.13961e-16
4384.21679926 5.00766e-16
4386.39955807 5.10378e-16
4388.58231688 5.20715e-16
4390.76507568 5.21913e-16
4392.94783449 5.29495e-16
4395.1305933 5.19629e-16
4397.31335211 5.34692e-16
4399.49611092 5.40003e-16
4401.67886972 5.2489e-16
4403.86162853 5.12731e-16
4406.04438734 5.17853e-16
4408.22714615 5.11379e-16
4410.40990496 4.84254e-16
4412.59266376 4.80175e-16
4414.77542257 4.92964e-16
4416.95818138 4.94918e-16
4419.14094019 4.97972e-16
4421.323699 5.02193e-16
4423.50645781 5.23834e-16
4425.68921661 5.1239e-16
4427.87197542 4.94378e-16
4430.05473423 5.28314e-16
4432.23749304 5.14864e-16
4434.42025185 4.99775e-16
4436.60301065 4.89098e-16
4438.78576946 4.81218e-16
4440.96852827 4.65596e-16
4443.15128708 4.73512e-16
4445.33404589 4.82123e-16
4447.5168047 4.93827e-16
4449.6995635 4.84558e-16
4451.88232231 5.00997e-16
4454.06508112 5.10483e-16
4456.24783993 4.90829e-16
4458.43059874 4.82065e-16
4460.61335754 5.0521e-16
4462.79611635 5.12573e-16
4464.97887516 4.8542e-16
4467.16163397 4.95203e-16
4469.34439278 4.7582e-16
4471.52715158 4.71889e-16
4473.70991039 4.64528e-16
4475.8926692 5.18721e-16
4478.07542801 4.79486e-16
4480.25818682 5.01256e-16
4482.44094563 4.90259e-16
4484.62370443 4.83515e-16
4486.80646324 4.62243e-16
4488.98922205 4.70105e-16
4491.17198086 4.81316e-16
4493.35473967 4.83638e-16
4495.53749847 5.08892e-16
4497.72025728 5.07636e-16
4499.90301609 5.13509e-16
4502.0857749 5.04249e-16
4504.26853371 4.98339e-16
4506.45129251 4.91811e-16
4508.63405132 4.75245e-16
4510.81681013 4.83282e-16
4512.99956894 4.66645e-16
4515.18232775 4.71596e-16
4517.36508656 4.75687e-16
4519.54784536 4.54279e-16
4521.73060417 4.61845e-16
4523.91336298 4.77838e-16
4526.09612179 4.79938e-16
4528.2788806 4.83579e-16
4530.4616394 4.89817e-16
4532.64439821 4.99162e-16
4534.82715702 5.16517e-16
4537.00991583 5.49093e-16
4539.19267464 5.22092e-16
4541.37543345 5.06796e-16
4543.55819225 5.0084e-16
4545.74095106 5.06718e-16
4547.92370987 5.0131e-16
4550.10646868 5.24941e-16
4552.28922749 5.3306e-16
4554.47198629 5.09976e-16
4556.6547451 5.24203e-16
4558.83750391 5.0777e-16
4561.02026272 4.89089e-16
4563.20302153 4.98761e-16
4565.38578033 5.36056e-16
4567.56853914 5.17271e-16
4569.75129795 5.35207e-16
4571.93405676 5.02095e-16
4574.11681557 4.91506e-16
4576.29957438 5.07452e-16
4578.48233318 5.46812e-16
4580.66509199 5.40216e-16
4582.8478508 5.33514e-16
4585.03060961 5.34195e-16
4587.21336842 5.33409e-16
4589.39612722 5.33452e-16
4591.57888603 5.32208e-16
4593.76164484 5.34566e-16
4595.94440365 5.09506e-16
4598.12716246 5.02857e-16
4600.30992126 5.02105e-16
4602.49268007 5.01261e-16
4604.67543888 4.99661e-16
4606.85819769 4.97055e-16
4609.0409565 4.76277e-16
4611.22371531 4.85538e-16
4613.40647411 5.12355e-16
4615.58923292 5.07732e-16
4617.77199173 5.16769e-16
4619.95475054 5.47014e-16
4622.13750935 5.38314e-16
4624.32026815 5.22172e-16
4626.50302696 5.14509e-16
4628.68578577 5.10632e-16
4630.86854458 4.96255e-16
4633.05130339 4.99561e-16
4635.23406219 5.16066e-16
4637.416821 5.22219e-16
4639.59957981 5.304e-16
4641.78233862 5.27444e-16
4643.96509743 5.31324e-16
4646.14785624 5.35142e-16
4648.33061504 5.24297e-16
4650.51337385 5.19382e-16
4652.69613266 5.23713e-16
4654.87889147 5.23635e-16
4657.06165028 5.23589e-16
4659.24440908 5.25318e-16
4661.42716789 5.24668e-16
4663.6099267 5.29794e-16
4665.79268551 5.36436e-16
4667.97544432 5.47282e-16
4670.15820313 5.41861e-16
4672.34096193 5.36841e-16
4674.52372074 5.33423e-16
4676.70647955 5.27407e-16
4678.88923836 5.33088e-16
4681.07199717 5.27555e-16
4683.25475597 5.06102e-16
4685.43751478 5.13877e-16
4687.62027359 5.24999e-16
4689.8030324 5.28979e-16
4691.98579121 5.31384e-16
4694.16855001 5.17601e-16
4696.35130882 5.25926e-16
4698.53406763 5.46355e-16
4700.71682644 5.41253e-16
4702.89958525 5.69737e-16
4705.08234406 5.5532e-16
4707.26510286 5.22262e-16
4709.44786167 5.15819e-16
4711.63062048 5.50205e-16
4713.81337929 5.49682e-16
4715.9961381 5.18916e-16
4718.1788969 5.1862e-16
4720.36165571 5.20298e-16
4722.54441452 5.39804e-16
4724.72717333 5.18544e-16
4726.90993214 5.35219e-16
4729.09269094 5.13545e-16
4731.27544975 5.38623e-16
4733.45820856 5.6416e-16
4735.64096737 5.48597e-16
4737.82372618 5.33889e-16
4740.00648499 5.41914e-16
4742.18924379 5.3799e-16
4744.3720026 5.37114e-16
4746.55476141 5.02974e-16
4748.73752022 5.24826e-16
4750.92027903 5.16011e-16
4753.10303783 5.16415e-16
4755.28579664 4.98637e-16
4757.46855545 5.15279e-16
4759.65131426 5.07912e-16
4761.83407307 5.17649e-16
4764.01683187 5.15594e-16
4766.19959068 5.20986e-16
4768.38234949 5.16741e-16
4770.5651083 5.14802e-16
4772.74786711 5.27453e-16
4774.93062592 5.28502e-16
4777.11338472 5.09783e-16
4779.29614353 5.09816e-16
4781.47890234 5.08457e-16
4783.66166115 5.12641e-16
4785.84441996 5.02753e-16
4788.02717876 5.05904e-16
4790.20993757 5.2519e-16
4792.39269638 5.13395e-16
4794.57545519 5.28932e-16
4796.758214 5.31351e-16
4798.94097281 5.29612e-16
4801.12373161 5.07479e-16
4803.30649042 5.0099e-16
4805.48924923 5.2571e-16
4807.67200804 5.24751e-16
4809.85476685 5.20725e-16
4812.03752565 5.26325e-16
4814.22028446 5.38757e-16
4816.40304327 5.3324e-16
4818.58580208 5.33457e-16
4820.76856089 5.51345e-16
4822.95131969 5.29735e-16
4825.1340785 5.43513e-16
4827.31683731 5.33646e-16
4829.49959612 5.54331e-16
4831.68235493 5.36282e-16
4833.86511374 5.61529e-16
4836.04787254 5.68064e-16
4838.23063135 5.53981e-16
4840.41339016 5.42121e-16
4842.59614897 5.7189e-16
4844.77890778 5.73766e-16
4846.96166658 5.87452e-16
4849.14442539 5.58132e-16
4851.3271842 5.67198e-16
4853.50994301 5.82835e-16
4855.69270182 5.83638e-16
4857.87546062 5.68634e-16
4860.05821943 5.62018e-16
4862.24097824 5.55236e-16
4864.42373705 5.7143e-16
4866.60649586 5.9019e-16
4868.78925467 5.65044e-16
4870.97201347 5.41602e-16
4873.15477228 5.6459e-16
4875.33753109 5.70368e-16
4877.5202899 5.60532e-16
4879.70304871 5.5098e-16
4881.88580751 5.54372e-16
4884.06856632 5.58391e-16
4886.25132513 5.73486e-16
4888.43408394 5.76918e-16
4890.61684275 5.82401e-16
4892.79960155 5.92616e-16
4894.98236036 5.87657e-16
4897.16511917 5.72959e-16
4899.34787798 5.75437e-16
4901.53063679 5.75101e-16
4903.7133956 5.5276e-16
4905.8961544 5.66771e-16
4908.07891321 5.67286e-16
4910.26167202 5.76384e-16
4912.44443083 5.78573e-16
4914.62718964 5.69617e-16
4916.80994844 5.73446e-16
4918.99270725 5.74036e-16
4921.17546606 5.76858e-16
4923.35822487 5.7061e-16
4925.54098368 5.65666e-16
4927.72374249 5.66446e-16
4929.90650129 5.65049e-16
4932.0892601 5.80949e-16
4934.27201891 5.78536e-16
4936.45477772 5.52005e-16
4938.63753653 5.58166e-16
4940.82029533 5.47942e-16
4943.00305414 5.44814e-16
4945.18581295 5.3719e-16
4947.36857176 5.41047e-16
4949.55133057 5.4954e-16
4951.73408937 5.47554e-16
4953.91684818 5.36282e-16
4956.09960699 5.34535e-16
4958.2823658 5.52907e-16
4960.46512461 5.62983e-16
4962.64788342 5.50677e-16
4964.83064222 5.599e-16
4967.01340103 5.60757e-16
4969.19615984 5.2839e-16
4971.37891865 5.37086e-16
4973.56167746 5.47545e-16
4975.74443626 5.24125e-16
4977.92719507 5.30982e-16
4980.10995388 5.37194e-16
4982.29271269 5.3381e-16
4984.4754715 5.48827e-16
4986.6582303 5.59651e-16
4988.84098911 5.58024e-16
4991.02374792 5.51114e-16
4993.20650673 5.59981e-16
4995.38926554 5.34983e-16
4997.57202435 5.25602e-16
4999.75478315 5.46874e-16
5001.93754196 5.35617e-16
5004.12030077 5.04946e-16
5006.30305958 5.2231e-16
5008.48581839 5.36806e-16
5010.66857719 5.20653e-16
5012.851336 5.19922e-16
5015.03409481 5.20813e-16
5017.21685362 5.22916e-16
5019.39961243 5.61209e-16
5021.58237123 5.37738e-16
5023.76513004 5.29121e-16
5025.94788885 5.1175e-16
5028.13064766 5.29205e-16
5030.31340647 5.34465e-16
5032.49616528 5.32022e-16
5034.67892408 5.41894e-16
5036.86168289 5.22536e-16
5039.0444417 5.33184e-16
5041.22720051 5.37478e-16
5043.40995932 5.29315e-16
5045.59271812 5.48279e-16
5047.77547693 5.47264e-16
5049.95823574 5.4635e-16
5052.14099455 5.11409e-16
5054.32375336 5.25475e-16
5056.50651217 5.45334e-16
5058.68927097 5.55698e-16
5060.87202978 5.56675e-16
5063.05478859 5.47181e-16
5065.2375474 5.45586e-16
5067.42030621 5.19478e-16
5069.60306501 5.37264e-16
5071.78582382 5.22141e-16
5073.96858263 5.33894e-16
5076.15134144 5.52716e-16
5078.33410025 5.41262e-16
5080.51685905 5.43106e-16
5082.69961786 5.48244e-16
5084.88237667 5.42434e-16
5087.06513548 5.27497e-16
5089.24789429 5.20262e-16
5091.4306531 5.31213e-16
5093.6134119 5.42235e-16
5095.79617071 5.36146e-16
5097.97892952 5.06189e-16
5100.16168833 4.99238e-16
5102.34444714 5.05195e-16
5104.52720594 5.20147e-16
5106.70996475 5.25715e-16
5108.89272356 5.24275e-16
5111.07548237 5.11791e-16
5113.25824118 5.064e-16
5115.44099998 5.08564e-16
5117.62375879 5.00478e-16
5119.8065176 5.0581e-16
5121.98927641 5.02605e-16
5124.17203522 5.3108e-16
5126.35479403 5.19073e-16
5128.53755283 5.06543e-16
5130.72031164 4.99068e-16
5132.90307045 5.09781e-16
5135.08582926 5.11887e-16
5137.26858807 4.98004e-16
5139.45134687 4.96068e-16
5141.63410568 5.26734e-16
5143.81686449 5.20604e-16
5145.9996233 5.27391e-16
5148.18238211 5.36606e-16
5150.36514091 5.36506e-16
5152.54789972 5.16513e-16
5154.73065853 5.20448e-16
5156.91341734 5.3989e-16
5159.09617615 5.33275e-16
5161.27893496 5.29257e-16
5163.46169376 5.09658e-16
5165.64445257 5.03598e-16
5167.82721138 4.94018e-16
5170.00997019 4.83549e-16
5172.192729 5.00709e-16
5174.3754878 4.84495e-16
5176.55824661 5.10892e-16
5178.74100542 5.23286e-16
5180.92376423 5.2653e-16
5183.10652304 5.17254e-16
5185.28928185 5.03488e-16
5187.47204065 5.06348e-16
5189.65479946 5.23703e-16
5191.83755827 5.1633e-16
5194.02031708 5.01671e-16
5196.20307589 5.16642e-16
5198.38583469 5.23465e-16
5200.5685935 5.37633e-16
5202.75135231 5.21764e-16
5204.93411112 5.1051e-16
5207.11686993 5.06955e-16
5209.29962873 4.9961e-16
5211.48238754 4.89382e-16
5213.66514635 5.10422e-16
5215.84790516 5.01212e-16
5218.03066397 4.91245e-16
5220.21342278 4.98294e-16
5222.39618158 5.11861e-16
5224.57894039 5.218e-16
5226.7616992 4.97737e-16
5228.94445801 4.86116e-16
5231.12721682 4.98647e-16
5233.30997562 4.81061e-16
5235.49273443 4.70373e-16
5237.67549324 4.61384e-16
5239.85825205 4.73215e-16
5242.04101086 4.87671e-16
5244.22376966 4.99539e-16
5246.40652847 4.83382e-16
5248.58928728 4.6997e-16
5250.77204609 4.58581e-16
5252.9548049 4.68209e-16
5255.13756371 4.65316e-16
5257.32032251 4.72557e-16
5259.50308132 4.82074e-16
5261.68584013 4.76204e-16
5263.86859894 4.69802e-16
5266.05135775 4.59537e-16
5268.23411655 4.61172e-16
5270.41687536 4.6384e-16
5272.59963417 4.38346e-16
5274.78239298 4.29813e-16
5276.96515179 4.48332e-16
5279.14791059 4.63693e-16
5281.3306694 4.59068e-16
5283.51342821 4.54339e-16
5285.69618702 4.58914e-16
5287.87894583 4.64496e-16
5290.06170464 4.53337e-16
5292.24446344 4.5625e-16
5294.42722225 4.46972e-16
5296.60998106 4.4728e-16
5298.79273987 4.60614e-16
5300.97549868 4.67746e-16
5303.15825748 4.7455e-16
5305.34101629 4.69258e-16
5307.5237751 4.70134e-16
5309.70653391 4.57858e-16
5311.88929272 4.59409e-16
5314.07205153 4.78691e-16
5316.25481033 4.76884e-16
5318.43756914 4.71247e-16
5320.62032795 4.61702e-16
5322.80308676 4.67183e-16
5324.98584557 4.69156e-16
5327.16860437 4.58855e-16
5329.35136318 4.50979e-16
5331.53412199 4.52148e-16
5333.7168808 4.48169e-16
5335.89963961 4.43081e-16
5338.08239841 4.41052e-16
5340.26515722 4.4716e-16
5342.44791603 4.3937e-16
5344.63067484 4.62351e-16
5346.81343365 4.78135e-16
5348.99619246 4.61607e-16
5351.17895126 4.51393e-16
5353.36171007 4.56735e-16
5355.54446888 4.50662e-16
5357.72722769 4.5185e-16
5359.9099865 4.62938e-16
5362.0927453 4.47429e-16
5364.27550411 4.59019e-16
5366.45826292 4.69387e-16
5368.64102173 4.58777e-16
5370.82378054 4.62326e-16
5373.00653934 4.86922e-16
5375.18929815 4.87147e-16
5377.37205696 4.75002e-16
5379.55481577 4.80456e-16
5381.73757458 4.56936e-16
5383.92033339 4.47528e-16
5386.10309219 4.54147e-16
5388.285851 4.53464e-16
5390.46860981 4.50804e-16
5392.65136862 4.41203e-16
5394.83412743 4.48552e-16
5397.01688623 4.49052e-16
5399.19964504 4.43248e-16
5401.38240385 4.4476e-16
5403.56516266 4.56338e-16
5405.74792147 4.62276e-16
5407.93068027 4.45961e-16
5410.11343908 4.54166e-16
5412.29619789 4.39568e-16
5414.4789567 4.41407e-16
5416.66171551 4.55824e-16
5418.84447432 4.54256e-16
5421.02723312 4.65418e-16
5423.20999193 4.58651e-16
5425.39275074 4.43103e-16
5427.57550955 4.28889e-16
5429.75826836 3.99821e-16
5431.94102716 3.95102e-16
5434.12378597 4.21988e-16
5436.30654478 4.09271e-16
5438.48930359 4.10019e-16
5440.6720624 4.21551e-16
5442.85482121 4.2661e-16
5445.03758001 4.13967e-16
5447.22033882 3.89463e-16
5449.40309763 3.92736e-16
5451.58585644 4.21208e-16
5453.76861525 4.44803e-16
5455.95137405 4.41251e-16
5458.13413286 4.4879e-16
5460.31689167 4.54593e-16
5462.49965048 4.77665e-16
5464.68240929 4.65613e-16
5466.86516809 4.54381e-16
5469.0479269 4.40217e-16
5471.23068571 4.25843e-16
5473.41344452 4.41282e-16
5475.59620333 4.38574e-16
5477.77896214 4.39672e-16
5479.96172094 4.44624e-16
5482.14447975 4.6976e-16
5484.32723856 4.57101e-16
5486.50999737 4.67354e-16
5488.69275618 4.63755e-16
5490.87551498 4.40155e-16
5493.05827379 4.37496e-16
5495.2410326 4.39171e-16
5497.42379141 4.49112e-16
5499.60655022 4.54058e-16
5501.78930902 4.42035e-16
5503.97206783 4.55578e-16
5506.15482664 4.77757e-16
5508.33758545 4.73884e-16
5510.52034426 4.61268e-16
5512.70310307 4.50878e-16
5514.88586187 4.42168e-16
5517.06862068 4.51244e-16
5519.25137949 4.67634e-16
5521.4341383 4.60324e-16
5523.61689711 4.64693e-16
5525.79965591 4.54046e-16
5527.98241472 4.49295e-16
5530.16517353 4.37995e-16
5532.34793234 4.2692e-16
5534.53069115 4.1199e-16
5536.71344996 4.25198e-16
5538.89620876 4.24786e-16
5541.07896757 4.39353e-16
5543.26172638 4.67607e-16
5545.44448519 4.6196e-16
5547.627244 4.53906e-16
5549.8100028 4.46468e-16
5551.99276161 4.54214e-16
5554.17552042 4.5989e-16
5556.35827923 4.6196e-16
5558.54103804 4.83695e-16
5560.72379684 4.84983e-16
5562.90655565 4.71173e-16
5565.08931446 4.74576e-16
5567.27207327 4.71673e-16
5569.45483208 4.38952e-16
5571.63759089 4.39861e-16
5573.82034969 4.66697e-16
5576.0031085 4.87389e-16
5578.18586731 5.09118e-16
5580.36862612 5.02197e-16
5582.55138493 4.90885e-16
5584.73414373 4.81496e-16
5586.91690254 4.80664e-16
5589.09966135 4.78774e-16
5591.28242016 4.70824e-16
5593.46517897 4.58186e-16
5595.64793777 4.50925e-16
5597.83069658 4.38128e-16
5600.01345539 4.40463e-16
5602.1962142 4.49246e-16
5604.37897301 4.531e-16
5606.56173182 4.60938e-16
5608.74449062 4.64991e-16
5610.92724943 4.40092e-16
5613.11000824 4.54286e-16
5615.29276705 4.85097e-16
5617.47552586 4.65121e-16
5619.65828466 4.59959e-16
5621.84104347 4.71719e-16
5624.02380228 4.54921e-16
5626.20656109 4.63111e-16
5628.3893199 4.69534e-16
5630.5720787 4.74766e-16
5632.75483751 4.74938e-16
5634.93759632 4.49955e-16
5637.12035513 4.67349e-16
5639.30311394 4.53043e-16
5641.48587275 4.44114e-16
5643.66863155 4.54681e-16
5645.85139036 4.5577e-16
5648.03414917 4.53643e-16
5650.21690798 4.56052e-16
5652.39966679 4.59949e-16
5654.58242559 4.54228e-16
5656.7651844 4.44741e-16
5658.94794321 4.54651e-16
5661.13070202 4.69334e-16
5663.31346083 4.68679e-16
5665.49621964 4.42819e-16
5667.67897844 4.43646e-16
5669.86173725 4.44803e-16
5672.04449606 4.27352e-16
5674.22725487 4.5055e-16
5676.41001368 4.30048e-16
5678.59277248 4.2747e-16
5680.77553129 4.21694e-16
5682.9582901 4.29785e-16
5685.14104891 4.39275e-16
5687.32380772 4.50996e-16
5689.50656652 4.65137e-16
5691.68932533 4.65496e-16
5693.87208414 4.41294e-16
5696.05484295 4.51582e-16
5698.23760176 4.4923e-16
5700.42036057 4.49726e-16
5702.60311937 4.42651e-16
5704.78587818 4.41233e-16
5706.96863699 4.45839e-16
5709.1513958 4.28977e-16
5711.33415461 4.30194e-16
5713.51691341 4.47214e-16
5715.69967222 4.63919e-16
5717.88243103 4.52191e-16
5720.06518984 4.52291e-16
5722.24794865 4.25673e-16
5724.43070745 4.24636e-16
5726.61346626 4.4573e-16
5728.79622507 4.37717e-16
5730.97898388 4.30751e-16
5733.16174269 4.19928e-16
5735.3445015 4.19738e-16
5737.5272603 4.32595e-16
5739.71001911 4.46119e-16
5741.89277792 4.21619e-16
5744.07553673 4.25817e-16
5746.25829554 4.40048e-16
5748.44105434 4.38051e-16
5750.62381315 4.28852e-16
5752.80657196 4.19883e-16
5754.98933077 4.3151e-16
5757.17208958 4.20793e-16
5759.35484838 4.16842e-16
5761.53760719 4.44927e-16
5763.720366 4.40539e-16
5765.90312481 4.47574e-16
5768.08588362 4.2964e-16
5770.26864243 4.29004e-16
5772.45140123 4.40933e-16
5774.63416004 4.38544e-16
5776.81691885 4.21113e-16
5778.99967766 4.38319e-16
5781.18243647 4.39014e-16
5783.36519527 4.33952e-16
5785.54795408 4.17238e-16
5787.73071289 4.0305e-16
5789.9134717 4.12027e-16
5792.09623051 4.27825e-16
5794.27898932 4.20364e-16
5796.46174812 4.25004e-16
5798.64450693 4.40891e-16
5800.82726574 4.34167e-16
5803.01002455 4.41938e-16
5805.19278336 4.31657e-16
5807.37554216 4.34657e-16
5809.55830097 4.1507e-16
5811.74105978 4.14918e-16
5813.92381859 4.29195e-16
5816.1065774 4.3564e-16
5818.2893362 4.40016e-16
5820.47209501 4.28106e-16
5822.65485382 4.39673e-16
5824.83761263 4.5392e-16
5827.02037144 4.34557e-16
5829.20313025 4.19779e-16
5831.38588905 4.32549e-16
5833.56864786 4.49215e-16
5835.75140667 4.48445e-16
5837.93416548 4.41066e-16
5840.11692429 4.27743e-16
5842.29968309 4.35992e-16
5844.4824419 4.41392e-16
5846.66520071 4.27124e-16
5848.84795952 4.14923e-16
5851.03071833 4.31515e-16
5853.21347713 4.29697e-16
5855.39623594 4.25709e-16
5857.57899475 4.3007e-16
5859.76175356 4.29263e-16
5861.94451237 4.33305e-16
5864.12727118 4.37519e-16
5866.31002998 4.46384e-16
5868.49278879 4.25902e-16
5870.6755476 4.05518e-16
5872.85830641 4.01809e-16
5875.04106522 4.22161e-16
5877.22382402 4.30812e-16
5879.40658283 4.25149e-16
5881.58934164 4.13137e-16
5883.77210045 4.06365e-16
5885.95485926 4.00196e-16
5888.13761806 4.11556e-16
5890.32037687 4.178e-16
5892.50313568 4.16587e-16
5894.68589449 4.33402e-16
5896.8686533 4.29398e-16
5899.05141211 4.26455e-16
5901.23417091 4.29923e-16
5903.41692972 4.14553e-16
5905.59968853 4.20068e-16
5907.78244734 4.22168e-16
5909.96520615 4.31089e-16
5912.14796495 4.38755e-16
5914.33072376 4.24759e-16
5916.51348257 4.22098e-16
5918.69624138 4.15969e-16
5920.87900019 4.20751e-16
5923.061759 4.4205e-16
5925.2445178 4.13087e-16
5927.42727661 4.09094e-16
5929.61003542 4.39533e-16
5931.79279423 4.30476e-16
5933.97555304 4.26443e-16
5936.15831184 4.39721e-16
5938.34107065 4.33423e-16
5940.52382946 4.20115e-16
5942.70658827 4.29416e-16
5944.88934708 4.14324e-16
5947.07210588 4.14436e-16
5949.25486469 4.34187e-16
5951.4376235 4.29174e-16
5953.62038231 4.25445e-16
5955.80314112 4.22637e-16
5957.98589993 4.43436e-16
5960.16865873 4.50537e-16
5962.35141754 4.37836e-16
5964.53417635 4.40707e-16
5966.71693516 4.24314e-16
5968.89969397 4.28631e-16
5971.08245277 4.53784e-16
5973.26521158 4.41216e-16
5975.44797039 4.35668e-16
5977.6307292 4.16254e-16
5979.81348801 4.2109e-16
5981.99624681 4.23557e-16
5984.17900562 4.26302e-16
5986.36176443 4.39668e-16
5988.54452324 4.40579e-16
5990.72728205 4.31148e-16
5992.91004086 4.29965e-16
5995.09279966 4.25909e-16
5997.27555847 4.23617e-16
5999.45831728 4.1877e-16
6001.64107609 4.17709e-16
6003.8238349 4.13782e-16
6006.0065937 4.26688e-16
6008.18935251 4.48325e-16
6010.37211132 4.49065e-16
6012.55487013 4.3122e-16
6014.73762894 4.56254e-16
6016.92038774 4.4845e-16
6019.10314655 4.42924e-16
6021.28590536 4.41828e-16
6023.46866417 4.21831e-16
6025.65142298 4.27315e-16
6027.83418179 4.41992e-16
6030.01694059 4.18684e-16
6032.1996994 4.22936e-16
6034.38245821 4.43386e-16
6036.56521702 4.35632e-16
6038.74797583 4.16023e-16
6040.93073463 4.28681e-16
6043.11349344 4.27004e-16
6045.29625225 4.32852e-16
6047.47901106 4.32373e-16
6049.66176987 4.34958e-16
6051.84452868 4.29026e-16
6054.02728748 4.28543e-16
6056.21004629 4.269e-16
6058.3928051 4.31703e-16
6060.57556391 4.34602e-16
6062.75832272 4.36884e-16
6064.94108152 4.31017e-16
6067.12384033 4.24696e-16
6069.30659914 4.24255e-16
6071.48935795 4.29584e-16
6073.67211676 4.20562e-16
6075.85487556 4.05599e-16
6078.03763437 4.13861e-16
6080.22039318 4.34936e-16
6082.40315199 4.29523e-16
6084.5859108 4.39597e-16
6086.76866961 4.23854e-16
6088.95142841 4.25079e-16
6091.13418722 4.49449e-16
6093.31694603 4.421e-16
6095.49970484 4.43839e-16
6097.68246365 4.48866e-16
6099.86522245 4.43866e-16
6102.04798126 4.39077e-16
6104.23074007 4.25707e-16
6106.41349888 4.41249e-16
6108.59625769 4.49764e-16
6110.77901649 4.55703e-16
6112.9617753 4.50072e-16
6115.14453411 4.2941e-16
6117.32729292 4.29653e-16
6119.51005173 4.48003e-16
6121.69281054 4.42993e-16
6123.87556934 4.42195e-16
6126.05832815 4.47051e-16
6128.24108696 4.56021e-16
6130.42384577 4.46286e-16
6132.60660458 4.3237e-16
6134.78936338 4.50024e-16
6136.97212219 4.68249e-16
6139.154881 4.56668e-16
6141.33763981 4.50786e-16
6143.52039862 4.44398e-16
6145.70315742 4.32692e-16
6147.88591623 4.28195e-16
6150.06867504 4.43633e-16
6152.25143385 4.44064e-16
6154.43419266 4.29465e-16
6156.61695147 4.43228e-16
6158.79971027 4.30526e-16
6160.98246908 4.31202e-16
6163.16522789 4.40531e-16
6165.3479867 4.32805e-16
6167.53074551 4.30485e-16
6169.71350431 4.23537e-16
6171.89626312 4.27989e-16
6174.07902193 4.45006e-16
6176.26178074 4.39636e-16
6178.44453955 4.21584e-16
6180.62729836 4.31588e-16
6182.81005716 4.09523e-16
6184.99281597 3.95207e-16
6187.17557478 3.8343e-16
6189.35833359 3.68595e-16
6191.5410924 3.7502e-16
6193.7238512 3.84037e-16
6195.90661001 3.81435e-16
6198.08936882 3.91084e-16
6200.27212763 3.93203e-16
6202.45488644 4.05984e-16
6204.63764524 4.16072e-16
6206.82040405 4.25667e-16
6209.00316286 4.27643e-16
6211.18592167 4.19171e-16
6213.36868048 4.25883e-16
6215.55143929 4.38138e-16
6217.73419809 4.28274e-16
6219.9169569 4.12882e-16
6222.09971571 4.15246e-16
6224.28247452 4.13014e-16
6226.46523333 4.23766e-16
6228.64799213 4.2973e-16
6230.83075094 4.23169e-16
6233.01350975 4.285e-16
6235.19626856 4.1888e-16
6237.37902737 4.19457e-16
6239.56178617 4.21615e-16
6241.74454498 4.25186e-16
6243.92730379 4.21355e-16
6246.1100626 4.36681e-16
6248.29282141 4.23558e-16
6250.47558022 4.06114e-16
6252.65833902 4.11846e-16
6254.84109783 3.95759e-16
6257.02385664 4.00597e-16
6259.20661545 4.21313e-16
6261.38937426 4.11413e-16
6263.57213306 4.19809e-16
6265.75489187 4.26163e-16
6267.93765068 4.06363e-16
6270.12040949 4.17976e-16
6272.3031683 4.23738e-16
6274.4859271 4.1518e-16
6276.66868591 4.20528e-16
6278.85144472 4.14909e-16
6281.03420353 4.14896e-16
6283.21696234 4.15424e-16
6285.39972115 4.04683e-16
6287.58247995 3.95921e-16
6289.76523876 3.9887e-16
6291.94799757 4.24405e-16
6294.13075638 3.94486e-16
6296.31351519 3.92643e-16
6298.49627399 4.10244e-16
6300.6790328 3.93244e-16
6302.86179161 4.1392e-16
6305.04455042 4.24688e-16
6307.22730923 4.12564e-16
6309.41006804 4.11122e-16
6311.59282684 4.05013e-16
6313.77558565 4.03967e-16
6315.95834446 4.16852e-16
6318.14110327 4.25088e-16
6320.32386208 4.14539e-16
6322.50662088 4.07625e-16
6324.68937969 4.10648e-16
6326.8721385 4.11947e-16
6329.05489731 4.12364e-16
6331.23765612 4.20726e-16
6333.42041492 4.04887e-16
6335.60317373 4.10518e-16
6337.78593254 4.13098e-16
6339.96869135 4.19234e-16
6342.15145016 4.24582e-16
6344.33420897 4.22882e-16
6346.51696777 4.23938e-16
6348.69972658 4.23089e-16
6350.88248539 4.22934e-16
6353.0652442 4.27208e-16
6355.24800301 4.35176e-16
6357.43076181 4.17461e-16
6359.61352062 4.11563e-16
6361.79627943 4.28603e-16
6363.97903824 4.42171e-16
6366.16179705 4.19438e-16
6368.34455585 4.2336e-16
6370.52731466 4.27855e-16
6372.71007347 4.12715e-16
6374.89283228 4.21959e-16
6377.07559109 4.22165e-16
6379.2583499 4.23585e-16
6381.4411087 4.25322e-16
6383.62386751 4.23423e-16
6385.80662632 4.19725e-16
6387.98938513 4.28586e-16
6390.17214394 3.95225e-16
6392.35490274 4.19232e-16
6394.53766155 4.25402e-16
6396.72042036 4.12594e-16
6398.90317917 4.08467e-16
6401.08593798 4.05151e-16
6403.26869679 4.14404e-16
6405.45145559 4.27338e-16
6407.6342144 4.04758e-16
6409.81697321 3.89079e-16
6411.99973202 4.14448e-16
6414.18249083 4.12655e-16
6416.36524963 4.30878e-16
6418.54800844 4.02127e-16
6420.73076725 4.08475e-16
6422.91352606 4.10838e-16
6425.09628487 4.19617e-16
6427.27904367 4.05747e-16
6429.46180248 4.10377e-16
6431.64456129 4.0177e-16
6433.8273201 3.94058e-16
6436.01007891 3.93739e-16
6438.19283772 4.09423e-16
6440.37559652 4.02267e-16
6442.55835533 3.91878e-16
6444.74111414 3.93558e-16
6446.92387295 4.04642e-16
6449.10663176 4.00118e-16
6451.28939056 3.96716e-16
6453.47214937 4.05119e-16
6455.65490818 4.09351e-16
6457.83766699 4.14857e-16
6460.0204258 3.96272e-16
6462.2031846 3.9238e-16
6464.38594341 4.00145e-16
6466.56870222 4.09418e-16
6468.75146103 4.13647e-16
6470.93421984 3.7897e-16
6473.11697865 3.56888e-16
6475.29973745 3.59102e-16
6477.48249626 3.71961e-16
6479.66525507 3.81189e-16
6481.84801388 3.82093e-16
6484.03077269 3.77546e-16
6486.21353149 3.82512e-16
6488.3962903 3.79548e-16
6490.57904911 3.96921e-16
6492.76180792 3.88552e-16
6494.94456673 3.89106e-16
6497.12732553 3.87818e-16
6499.31008434 3.92498e-16
6501.49284315 3.89804e-16
6503.67560196 3.87702e-16
6505.85836077 3.98299e-16
6508.04111958 3.85347e-16
6510.22387838 3.92152e-16
6512.40663719 3.96194e-16
6514.589396 3.73758e-16
6516.77215481 3.79901e-16
6518.95491362 3.87359e-16
6521.13767242 4.06887e-16
6523.32043123 4.16579e-16
6525.50319004 3.85096e-16
6527.68594885 3.88979e-16
6529.86870766 4.0241e-16
6532.05146647 3.78617e-16
6534.23422527 3.84034e-16
6536.41698408 3.95213e-16
6538.59974289 4.01721e-16
6540.7825017 3.9687e-16
6542.96526051 3.84657e-16
6545.14801931 3.834e-16
6547.33077812 3.78924e-16
6549.51353693 3.75017e-16
6551.69629574 3.78438e-16
6553.87905455 4.00508e-16
6556.06181335 3.96639e-16
6558.24457216 3.88539e-16
6560.42733097 3.70303e-16
6562.61008978 3.76152e-16
6564.79284859 3.75927e-16
6566.9756074 3.79718e-16
6569.1583662 3.74096e-16
6571.34112501 3.86524e-16
6573.52388382 3.78792e-16
6575.70664263 3.81126e-16
6577.88940144 3.98312e-16
6580.07216024 3.90188e-16
6582.25491905 3.77127e-16
6584.43767786 3.88652e-16
6586.62043667 3.81132e-16
6588.80319548 3.93358e-16
6590.98595428 3.92287e-16
6593.16871309 3.92054e-16
6595.3514719 3.94244e-16
6597.53423071 3.83923e-16
6599.71698952 3.86572e-16
6601.89974833 4.0226e-16
6604.08250713 3.89295e-16
6606.26526594 3.96968e-16
6608.44802475 3.9184e-16
6610.63078356 4.03946e-16
6612.81354237 4.04181e-16
6614.99630117 4.09039e-16
6617.17905998 4.12275e-16
6619.36181879 4.07532e-16
6621.5445776 3.93898e-16
6623.72733641 3.84877e-16
6625.91009521 3.9542e-16
6628.09285402 4.128e-16
6630.27561283 4.08625e-16
6632.45837164 3.9583e-16
6634.64113045 3.91137e-16
6636.82388926 3.72546e-16
6639.00664806 3.80467e-16
6641.18940687 3.83821e-16
6643.37216568 4.01125e-16
6645.55492449 4.00219e-16
6647.7376833 4.02144e-16
6649.9204421 4.01301e-16
6652.10320091 3.96874e-16
6654.28595972 3.91107e-16
6656.46871853 3.93156e-16
6658.65147734 3.77625e-16
6660.83423615 3.98191e-16
6663.01699495 4.08596e-16
6665.19975376 3.88735e-16
6667.38251257 4.02196e-16
6669.56527138 3.95362e-16
6671.74803019 4.02681e-16
6673.93078899 4.11033e-16
6676.1135478 4.10292e-16
6678.29630661 4.04018e-16
6680.47906542 4.02974e-16
6682.66182423 3.93693e-16
6684.84458303 3.82049e-16
6687.02734184 3.9492e-16
6689.21010065 3.96774e-16
6691.39285946 4.1077e-16
6693.57561827 4.04138e-16
6695.75837708 3.99015e-16
6697.94113588 3.963e-16
6700.12389469 3.99932e-16
6702.3066535 4.04214e-16
6704.48941231 4.04064e-16
6706.67217112 3.95655e-16
6708.85492992 3.98148e-16
6711.03768873 4.16556e-16
6713.22044754 4.21308e-16
6715.40320635 4.09963e-16
6717.58596516 4.04881e-16
6719.76872396 4.13766e-16
6721.95148277 4.14539e-16
6724.13424158 4.1312e-16
6726.31700039 4.20862e-16
6728.4997592 4.05529e-16
6730.68251801 3.99384e-16
6732.86527681 4.12663e-16
6735.04803562 4.17085e-16
6737.23079443 4.1288e-16
6739.41355324 4.09504e-16
6741.59631205 4.05503e-16
6743.77907085 4.26236e-16
6745.96182966 4.13366e-16
6748.14458847 4.11108e-16
6750.32734728 4.06635e-16
6752.51010609 4.20437e-16
6754.69286489 4.39422e-16
6756.8756237 4.17594e-16
6759.05838251 4.05938e-16
6761.24114132 4.14626e-16
6763.42390013 4.37652e-16
6765.60665894 4.21798e-16
6767.78941774 4.18961e-16
6769.97217655 4.2397e-16
6772.15493536 4.11113e-16
6774.33769417 4.19156e-16
6776.52045298 4.27274e-16
6778.70321178 4.13439e-16
6780.88597059 4.17573e-16
6783.0687294 4.52052e-16
6785.25148821 4.40189e-16
6787.43424702 4.06567e-16
6789.61700583 4.23071e-16
6791.79976463 4.4368e-16
6793.98252344 4.3902e-16
6796.16528225 4.29257e-16
6798.34804106 4.30155e-16
6800.53079987 4.33197e-16
6802.71355867 4.31345e-16
6804.89631748 4.27015e-16
6807.07907629 4.22594e-16
6809.2618351 4.16924e-16
6811.44459391 4.30361e-16
6813.62735271 4.39781e-16
6815.81011152 4.36242e-16
6817.99287033 4.39551e-16
6820.17562914 4.39603e-16
6822.35838795 4.31406e-16
6824.54114676 4.18328e-16
6826.72390556 4.14634e-16
6828.90666437 3.92365e-16
6831.08942318 4.10468e-16
6833.27218199 4.28366e-16
6835.4549408 4.35172e-16
6837.6376996 4.64593e-16
6839.82045841 4.51309e-16
6842.00321722 4.39415e-16
6844.18597603 4.53482e-16
6846.36873484 4.43172e-16
6848.55149364 4.34155e-16
6850.73425245 4.36882e-16
6852.91701126 4.40845e-16
6855.09977007 4.34554e-16
6857.28252888 4.35657e-16
6859.46528769 4.53706e-16
6861.64804649 4.33472e-16
6863.8308053 4.19818e-16
6866.01356411 4.24112e-16
6868.19632292 4.36251e-16
6870.37908173 4.24406e-16
6872.56184053 4.40833e-16
6874.74459934 4.59125e-16
6876.92735815 4.67562e-16
6879.11011696 4.66035e-16
6881.29287577 4.65976e-16
6883.47563457 4.52812e-16
6885.65839338 4.35579e-16
6887.84115219 4.31664e-16
6890.023911 4.4985e-16
6892.20666981 5.3048e-16
6894.38942862 6.13005e-16
6896.57218742 6.51629e-16
6898.75494623 5.62531e-16
6900.93770504 4.89187e-16
6903.12046385 4.25582e-16
6905.30322266 4.29297e-16
6907.48598146 4.27629e-16
6909.66874027 4.23983e-16
6911.85149908 4.54516e-16
6914.03425789 4.93302e-16
6916.2170167 5.35284e-16
6918.39977551 5.45914e-16
6920.58253431 5.10407e-16
6922.76529312 4.60344e-16
6924.94805193 4.33744e-16
6927.13081074 4.13943e-16
6929.31356955 4.11272e-16
6931.49632835 4.40898e-16
6933.67908716 4.32727e-16
6935.86184597 4.258e-16
6938.04460478 4.08054e-16
6940.22736359 4.08858e-16
6942.41012239 4.0483e-16
6944.5928812 4.02163e-16
6946.77564001 4.10406e-16
6948.95839882 4.27928e-16
6951.14115763 4.45944e-16
6953.32391644 4.29837e-16
6955.50667524 4.12817e-16
6957.68943405 4.22508e-16
6959.87219286 4.14765e-16
6962.05495167 4.10988e-16
6964.23771048 4.26679e-16
6966.42046928 4.42751e-16
6968.60322809 4.33437e-16
6970.7859869 4.23929e-16
6972.96874571 4.09843e-16
6975.15150452 4.23291e-16
6977.33426332 4.22353e-16
6979.51702213 4.38652e-16
6981.69978094 4.28401e-16
6983.88253975 4.13135e-16
6986.06529856 4.28569e-16
6988.24805737 4.10157e-16
6990.43081617 3.90834e-16
6992.61357498 4.22851e-16
6994.79633379 4.16876e-16
6996.9790926 4.29441e-16
6999.16185141 4.32325e-16
7001.34461021 4.20005e-16
7003.52736902 4.1301e-16
7005.71012783 4.15396e-16
7007.89288664 4.24208e-16
7010.07564545 4.25083e-16
7012.25840425 4.40217e-16
7014.44116306 4.19089e-16
7016.62392187 4.15446e-16
7018.80668068 4.14779e-16
7020.98943949 4.12797e-16
7023.1721983 4.12077e-16
7025.3549571 4.19258e-16
7027.53771591 4.29249e-16
7029.72047472 4.17181e-16
7031.90323353 4.15224e-16
7034.08599234 4.20065e-16
7036.26875114 3.96714e-16
7038.45150995 4.06669e-16
7040.63426876 4.09165e-16
7042.81702757 4.09373e-16
7044.99978638 4.2721e-16
7047.18254519 4.13245e-16
7049.36530399 4.05108e-16
7051.5480628 4.36244e-16
7053.73082161 4.42255e-16
7055.91358042 4.32787e-16
7058.09633923 4.22945e-16
7060.27909803 4.21614e-16
7062.46185684 4.07708e-16
7064.64461565 4.25064e-16
7066.82737446 4.19912e-16
7069.01013327 4.17968e-16
7071.19289207 4.39382e-16
7073.37565088 4.18334e-16
7075.55840969 4.14657e-16
7077.7411685 4.17645e-16
7079.92392731 4.2035e-16
7082.10668612 4.16683e-16
7084.28944492 4.08791e-16
7086.47220373 4.05263e-16
7088.65496254 4.10165e-16
7090.83772135 4.10667e-16
7093.02048016 3.9847e-16
7095.20323896 3.99128e-16
7097.38599777 4.08422e-16
7099.56875658 4.0833e-16
7101.75151539 3.90774e-16
7103.9342742 3.72956e-16
7106.117033 3.94463e-16
7108.29979181 3.93158e-16
7110.48255062 3.90288e-16
7112.66530943 4.10185e-16
7114.84806824 4.00572e-16
7117.03082705 3.88911e-16
7119.21358585 3.96722e-16
7121.39634466 4.10077e-16
7123.57910347 4.19835e-16
7125.76186228 4.07926e-16
7127.94462109 3.86509e-16
7130.12737989 3.90351e-16
7132.3101387 3.86358e-16
7134.49289751 3.79799e-16
7136.67565632 3.78952e-16
7138.85841513 3.84865e-16
7141.04117393 4.0561e-16
7143.22393274 4.06356e-16
7145.40669155 3.98838e-16
7147.58945036 3.88461e-16
7149.77220917 3.88525e-16
7151.95496798 3.96042e-16
7154.13772678 3.97108e-16
7156.32048559 3.97285e-16
7158.5032444 3.98145e-16
7160.68600321 4.04143e-16
7162.86876202 3.88031e-16
7165.05152082 3.69358e-16
7167.23427963 3.67601e-16
7169.41703844 3.78006e-16
7171.59979725 3.70238e-16
7173.78255606 3.54319e-16
7175.96531487 3.72081e-16
7178.14807367 3.73562e-16
7180.33083248 3.73737e-16
7182.51359129 3.75026e-16
7184.6963501 3.47423e-16
7186.87910891 3.58418e-16
7189.06186771 3.76244e-16
7191.24462652 3.49585e-16
7193.42738533 3.4791e-16
7195.61014414 3.55757e-16
7197.79290295 3.65758e-16
7199.97566175 3.53819e-16
7202.15842056 3.51051e-16
7204.34117937 3.63291e-16
7206.52393818 3.72825e-16
7208.70669699 3.54564e-16
7210.8894558 3.49483e-16
7213.0722146 3.74308e-16
7215.25497341 3.80771e-16
7217.43773222 3.70396e-16
7219.62049103 3.72536e-16
7221.80324984 3.83805e-16
7223.98600864 3.7255e-16
7226.16876745 3.70133e-16
7228.35152626 3.62844e-16
7230.53428507 3.59575e-16
7232.71704388 3.65492e-16
7234.89980268 3.57787e-16
7237.08256149 3.56297e-16
7239.2653203 3.44114e-16
7241.44807911 3.44449e-16
7243.63083792 3.96363e-16
7245.81359673 3.75037e-16
7247.99635553 3.63461e-16
7250.17911434 3.60682e-16
7252.36187315 3.67032e-16
7254.54463196 3.81658e-16
7256.72739077 3.75413e-16
7258.91014957 3.51817e-16
7261.09290838 3.6319e-16
7263.27566719 3.78406e-16
7265.458426 3.50587e-16
7267.64118481 3.58639e-16
7269.82394362 3.63934e-16
7272.00670242 3.45453e-16
7274.18946123 3.46308e-16
7276.37222004 3.51843e-16
7278.55497885 3.536e-16
7280.73773766 3.39556e-16
7282.92049646 3.52536e-16
7285.10325527 3.59022e-16
7287.28601408 3.6025e-16
7289.46877289 3.44715e-16
7291.6515317 3.57899e-16
7293.8342905 3.38907e-16
7296.01704931 3.44594e-16
7298.19980812 3.59545e-16
7300.38256693 3.51171e-16
7302.56532574 3.55717e-16
7304.74808455 3.52863e-16
7306.93084335 3.54845e-16
7309.11360216 3.55053e-16
7311.29636097 3.63387e-16
7313.47911978 3.738e-16
7315.66187859 3.66073e-16
7317.84463739 3.57783e-16
7320.0273962 3.61102e-16
7322.21015501 3.75284e-16
7324.39291382 3.89337e-16
7326.57567263 3.7222e-16
7328.75843143 3.55069e-16
7330.94119024 3.48867e-16
7333.12394905 3.48357e-16
7335.30670786 3.75152e-16
7337.48946667 3.79198e-16
7339.67222548 3.75611e-16
7341.85498428 3.73336e-16
7344.03774309 3.65193e-16
7346.2205019 3.48716e-16
7348.40326071 3.73318e-16
7350.58601952 3.62216e-16
7352.76877832 3.61642e-16
7354.95153713 3.67946e-16
7357.13429594 3.84904e-16
7359.31705475 3.77917e-16
7361.49981356 3.65641e-16
7363.68257236 3.79719e-16
7365.86533117 3.79251e-16
7368.04808998 3.47389e-16
7370.23084879 3.54932e-16
7372.4136076 3.65523e-16
7374.59636641 3.80813e-16
7376.77912521 3.86001e-16
7378.96188402 3.69549e-16
7381.14464283 3.69507e-16
7383.32740164 3.76364e-16
7385.51016045 3.83836e-16
7387.69291925 3.79798e-16
7389.87567806 4.01723e-16
7392.05843687 3.99863e-16
7394.24119568 3.78788e-16
7396.42395449 3.95478e-16
7398.6067133 3.94937e-16
7400.7894721 3.88727e-16
7402.97223091 3.96269e-16
7405.15498972 4.03702e-16
7407.33774853 4.03133e-16
7409.52050734 3.98981e-16
7411.70326614 3.91605e-16
7413.88602495 3.83876e-16
7416.06878376 3.82433e-16
7418.25154257 3.71155e-16
7420.43430138 3.53532e-16
7422.61706018 3.59375e-16
7424.79981899 3.69013e-16
7426.9825778 3.6329e-16
7429.16533661 3.74262e-16
7431.34809542 3.77493e-16
7433.53085423 3.59878e-16
7435.71361303 3.68268e-16
7437.89637184 3.82291e-16
7440.07913065 3.7654e-16
7442.26188946 3.66989e-16
7444.44464827 3.6738e-16
7446.62740707 3.5944e-16
7448.81016588 3.67949e-16
7450.99292469 3.54284e-16
7453.1756835 3.6283e-16
7455.35844231 3.8173e-16
7457.54120111 3.93572e-16
7459.72395992 3.68773e-16
7461.90671873 3.65454e-16
7464.08947754 3.66586e-16
7466.27223635 3.84467e-16
7468.45499516 3.8918e-16
7470.63775396 3.76535e-16
7472.82051277 3.60379e-16
7475.00327158 3.66645e-16
7477.18603039 3.60705e-16
7479.3687892 3.68322e-16
7481.551548 3.76603e-16
7483.73430681 3.721e-16
7485.91706562 3.75216e-16
7488.09982443 3.54346e-16
7490.28258324 3.51452e-16
7492.46534204 3.68957e-16
7494.64810085 3.72058e-16
7496.83085966 3.54862e-16
7499.01361847 3.65432e-16
7501.19637728 3.72089e-16
7503.37913609 3.6801e-16
7505.56189489 3.58827e-16
7507.7446537 3.77449e-16
7509.92741251 3.56276e-16
7512.11017132 3.70389e-16
7514.29293013 3.61914e-16
7516.47568893 3.73555e-16
7518.65844774 3.4899e-16
7520.84120655 3.63451e-16
7523.02396536 3.78216e-16
7525.20672417 3.72379e-16
7527.38948298 3.4503e-16
7529.57224178 3.58544e-16
7531.75500059 3.52939e-16
7533.9377594 3.68162e-16
7536.12051821 3.65951e-16
7538.30327702 3.87316e-16
7540.48603582 3.55812e-16
7542.66879463 3.53357e-16
7544.85155344 3.62278e-16
7547.03431225 3.4903e-16
7549.21707106 3.5725e-16
7551.39982986 3.58636e-16
7553.58258867 3.45826e-16
7555.76534748 3.51876e-16
7557.94810629 3.36675e-16
7560.1308651 3.45836e-16
7562.31362391 3.52512e-16
7564.49638271 3.50219e-16
7566.67914152 3.58311e-16
7568.86190033 3.70725e-16
7571.04465914 3.42706e-16
7573.22741795 3.51568e-16
7575.41017675 3.48943e-16
7577.59293556 3.26827e-16
7579.77569437 3.56131e-16
7581.95845318 3.65212e-16
7584.14121199 3.54013e-16
7586.32397079 3.54723e-16
7588.5067296 3.55253e-16
7590.68948841 3.34193e-16
7592.87224722 3.19735e-16
7595.05500603 3.14331e-16
7597.23776484 2.83976e-16
7599.42052364 2.77686e-16
7601.60328245 2.64818e-16
7603.78604126 2.5649e-16
7605.96880007 2.74683e-16
7608.15155888 2.7122e-16
7610.33431768 2.84757e-16
7612.51707649 3.1259e-16
7614.6998353 3.17128e-16
7616.88259411 3.20329e-16
7619.06535292 3.42159e-16
7621.24811172 3.40821e-16
7623.43087053 3.14416e-16
7625.61362934 3.10014e-16
7627.79638815 3.15256e-16
7629.97914696 3.28875e-16
7632.16190577 3.38839e-16
7634.34466457 3.27151e-16
7636.52742338 3.38125e-16
7638.71018219 3.30805e-16
7640.892941 3.21226e-16
7643.07569981 3.20044e-16
7645.25845861 3.27769e-16
7647.44121742 3.43375e-16
7649.62397623 3.42103e-16
7651.80673504 3.32729e-16
7653.98949385 3.40295e-16
7656.17225266 3.37775e-16
7658.35501146 3.35014e-16
7660.53777027 3.3753e-16
7662.72052908 3.41147e-16
7664.90328789 3.47434e-16
7667.0860467 3.70483e-16
7669.2688055 3.61242e-16
7671.45156431 3.50556e-16
7673.63432312 3.43277e-16
7675.81708193 3.43888e-16
7677.99984074 3.35639e-16
7680.18259954 3.43271e-16
7682.36535835 3.40813e-16
7684.54811716 3.55768e-16
7686.73087597 3.8148e-16
7688.91363478 3.63835e-16
7691.09639359 3.61182e-16
7693.27915239 3.5974e-16
7695.4619112 3.58646e-16
7697.64467001 3.55622e-16
7699.82742882 3.58261e-16
7702.01018763 3.60778e-16
7704.19294643 3.66647e-16
7706.37570524 3.69404e-16
7708.55846405 3.60545e-16
7710.74122286 3.93131e-16
7712.92398167 3.76543e-16
7715.10674047 3.75775e-16
7717.28949928 3.36434e-16
7719.47225809 3.57036e-16
7721.6550169 3.61442e-16
7723.83777571 3.71571e-16
7726.02053452 3.68071e-16
7728.20329332 3.94445e-16
7730.38605213 3.83193e-16
7732.56881094 3.64062e-16
7734.75156975 3.77489e-16
7736.93432856 3.93512e-16
7739.11708736 3.86404e-16
7741.29984617 3.92224e-16
7743.48260498 3.90688e-16
7745.66536379 3.83896e-16
7747.8481226 4.05627e-16
7750.0308814 4.0374e-16
7752.21364021 4.1693e-16
7754.39639902 4.15034e-16
7756.57915783 4.06122e-16
7758.76191664 4.17278e-16
7760.94467545 4.03346e-16
7763.12743425 3.95565e-16
7765.31019306 3.96134e-16
7767.49295187 3.96153e-16
7769.67571068 3.89295e-16
7771.85846949 3.80287e-16
7774.04122829 3.82735e-16
7776.2239871 4.03591e-16
7778.40674591 4.13649e-16
7780.58950472 4.08348e-16
7782.77226353 3.76812e-16
7784.95502234 3.87057e-16
7787.13778114 3.97067e-16
7789.32053995 4.00764e-16
7791.50329876 4.07323e-16
7793.68605757 3.73053e-16
7795.86881638 3.65012e-16
7798.05157518 3.95678e-16
7800.23433399 4.09967e-16
7802.4170928 4.14918e-16
7804.59985161 4.43787e-16
7806.78261042 4.41778e-16
7808.96536922 4.19027e-16
7811.14812803 4.17264e-16
7813.33088684 4.1841e-16
7815.51364565 4.22641e-16
7817.69640446 4.13833e-16
7819.87916327 4.05551e-16
7822.06192207 4.20064e-16
7824.24468088 4.28014e-16
7826.42743969 4.31328e-16
7828.6101985 4.37882e-16
7830.79295731 4.17206e-16
7832.97571611 4.12604e-16
7835.15847492 3.92306e-16
7837.34123373 4.15287e-16
7839.52399254 4.11955e-16
7841.70675135 4.01248e-16
7843.88951015 3.96877e-16
7846.07226896 4.22973e-16
7848.25502777 4.42796e-16
7850.43778658 4.17405e-16
7852.62054539 4.07621e-16
7854.8033042 4.39129e-16
7856.986063 4.06823e-16
7859.16882181 4.44622e-16
7861.35158062 4.55621e-16
7863.53433943 4.08839e-16
7865.71709824 4.25755e-16
7867.89985704 4.47307e-16
7870.08261585 4.20824e-16
7872.26537466 4.23361e-16
7874.44813347 4.12447e-16
7876.63089228 4.18453e-16
7878.81365108 4.32533e-16
7880.99640989 4.26466e-16
7883.1791687 4.46913e-16
7885.36192751 4.36921e-16
7887.54468632 4.3308e-16
7889.72744513 4.50254e-16
7891.91020393 4.2273e-16
7894.09296274 4.03791e-16
7896.27572155 4.17489e-16
7898.45848036 4.48128e-16
7900.64123917 4.61399e-16
7902.82399797 4.63799e-16
7905.00675678 4.57738e-16
7907.18951559 4.55962e-16
7909.3722744 4.585e-16
7911.55503321 4.56815e-16
7913.73779202 4.7092e-16
7915.92055082 4.71249e-16
7918.10330963 4.7928e-16
7920.28606844 4.53458e-16
7922.46882725 4.31746e-16
7924.65158606 4.20551e-16
7926.83434486 4.7227e-16
7929.01710367 4.49768e-16
7931.19986248 4.62796e-16
7933.38262129 4.83931e-16
7935.5653801 4.82821e-16
7937.7481389 4.79396e-16
7939.93089771 4.55464e-16
7942.11365652 4.64751e-16
7944.29641533 5.04553e-16
7946.47917414 4.56539e-16
7948.66193295 4.44224e-16
7950.84469175 4.57048e-16
7953.02745056 4.71029e-16
7955.21020937 4.58328e-16
7957.39296818 4.46314e-16
7959.57572699 4.5613e-16
7961.75848579 4.79138e-16
7963.9412446 4.92381e-16
7966.12400341 4.37538e-16
7968.30676222 4.45382e-16
7970.48952103 4.79272e-16
7972.67227983 4.47688e-16
7974.85503864 4.56673e-16
7977.03779745 4.87189e-16
7979.22055626 4.90025e-16
7981.40331507 4.7115e-16
7983.58607388 4.58883e-16
7985.76883268 4.56179e-16
7987.95159149 4.56409e-16
7990.1343503 4.95108e-16
7992.31710911 4.85808e-16
7994.49986792 4.3276e-16
7996.68262672 4.59447e-16
7998.86538553 4.90016e-16
8001.04814434 4.60746e-16
8003.23090315 4.88783e-16
8005.41366196 4.94099e-16
8007.59642076 3.63312e-16
