#z 0.09
3400.  3.000146E-16
3403.36337065685  1.051168E-16
3406.7267413137  2.788823E-16
3410.09011197055  3.442736E-16
3413.4534826274  1.183105E-16
3416.81685328424  9.207993E-18
3420.18022394109  -1.692184E-16
3423.54359459794  1.396990E-16
3426.90696525479  -1.047360E-16
3430.27033591164  -2.028337E-17
3433.63370656849  1.421966E-16
3436.99707722534  1.200776E-16
3440.36044788219  -8.507115E-17
3443.72381853903  -7.891657E-17
3447.08718919588  -6.023047E-18
3450.45055985273  1.108000E-16
3453.81393050958  4.372240E-16
3457.17730116643  1.770506E-16
3460.54067182328  4.844866E-17
3463.90404248013  2.630145E-16
3467.26741313698  6.305771E-16
3470.63078379382  5.120144E-16
3473.99415445067  2.304510E-16
3477.35752510752  1.206504E-16
3480.72089576437  3.323747E-16
3484.08426642122  2.298442E-16
3487.44763707807  2.240533E-16
3490.81100773492  1.927763E-16
3494.17437839177  3.707537E-16
3497.53774904862  4.026918E-16
3500.90111970547  2.680377E-16
3504.26449036231  2.620695E-16
3507.62786101916  3.817094E-16
3510.99123167601  2.158381E-16
3514.35460233286  1.213222E-16
3517.71797298971  2.086918E-16
3521.08134364656  2.008091E-16
3524.44471430341  1.181157E-16
3527.80808496025  2.268229E-16
3531.1714556171  3.081114E-16
3534.53482627395  2.685973E-16
3537.8981969308  2.522247E-16
3541.26156758765  1.228781E-16
3544.6249382445  1.765328E-16
3547.98830890135  2.073196E-16
3551.3516795582  1.201100E-16
3554.71505021504  2.841552E-16
3558.07842087189  3.022789E-16
3561.44179152874  1.839389E-16
3564.80516218559  1.541780E-16
3568.16853284244  1.918006E-16
3571.53190349929  1.644992E-16
3574.89527415614  2.675776E-16
3578.25864481299  2.013290E-16
3581.62201546984  1.664262E-16
3584.98538612668  2.004985E-16
3588.34875678353  2.136633E-16
3591.71212744038  2.059306E-16
3595.07549809723  1.688702E-16
3598.43886875408  2.271403E-16
3601.80223941093  2.258362E-16
3605.16561006778  1.557218E-16
3608.52898072463  1.654290E-16
3611.89235138147  1.861424E-16
3615.25572203832  2.630745E-16
3618.61909269517  1.835794E-16
3621.98246335202  2.283998E-16
3625.34583400887  1.583651E-16
3628.70920466572  1.182012E-16
3632.07257532257  2.118636E-16
3635.43594597942  1.561831E-16
3638.79931663626  1.675627E-16
3642.16268729311  1.433587E-16
3645.52605794996  9.680162E-17
3648.88942860681  1.144392E-16
3652.25279926366  1.701975E-16
3655.61616992051  1.065984E-16
3658.97954057736  1.496471E-16
3662.34291123421  1.498981E-16
3665.70628189106  1.335480E-16
3669.0696525479  1.549078E-16
3672.43302320475  1.820427E-16
3675.7963938616  1.834323E-16
3679.15976451845  1.560212E-16
3682.5231351753  1.614043E-16
3685.88650583215  1.564666E-16
3689.249876489  1.705835E-16
3692.61324714585  1.575858E-16
3695.9766178027  1.514784E-16
3699.33998845954  1.558214E-16
3702.70335911639  1.605618E-16
3706.06672977324  1.518232E-16
3709.43010043009  1.577301E-16
3712.79347108694  1.042018E-16
3716.15684174379  1.504059E-16
3719.52021240064  1.704555E-16
3722.88358305749  1.450405E-16
3726.24695371433  1.916129E-16
3729.61032437118  1.777901E-16
3732.97369502803  1.654342E-16
3736.33706568488  1.839970E-16
3739.70043634173  2.009745E-16
3743.06380699858  1.724287E-16
3746.42717765543  1.504455E-16
3749.79054831228  1.615564E-16
3753.15391896912  1.475367E-16
3756.51728962597  1.611579E-16
3759.88066028282  1.610696E-16
3763.24403093967  1.677003E-16
3766.60740159652  1.791270E-16
3769.97077225337  1.396067E-16
3773.33414291022  1.391329E-16
3776.69751356707  1.425677E-16
3780.06088422392  1.584702E-16
3783.42425488076  1.668652E-16
3786.78762553761  1.347383E-16
3790.15099619446  1.446578E-16
3793.51436685131  1.460278E-16
3796.87773750816  1.288734E-16
3800.24110816501  1.289179E-16
3803.60447882186  1.793516E-16
3806.96784947871  1.509789E-16
3810.33122013555  1.584080E-16
3813.6945907924  1.476671E-16
3817.05796144925  1.721963E-16
3820.4213321061  1.676585E-16
3823.78470276295  1.787570E-16
3827.1480734198  1.647363E-16
3830.51144407665  1.584291E-16
3833.8748147335  1.469115E-16
3837.23818539034  1.587913E-16
3840.60155604719  1.744463E-16
3843.96492670404  1.748783E-16
3847.32829736089  1.944497E-16
3850.69166801774  1.514574E-16
3854.05503867459  1.550059E-16
3857.41840933144  1.335613E-16
3860.78177998829  1.720784E-16
3864.14515064513  1.789693E-16
3867.50852130198  1.659304E-16
3870.87189195883  1.565708E-16
3874.23526261568  1.489413E-16
3877.59863327253  1.911157E-16
3880.96200392938  1.795911E-16
3884.32537458623  1.621157E-16
3887.68874524308  1.628870E-16
3891.05211589993  1.636916E-16
3894.41548655677  1.710370E-16
3897.77885721362  1.665258E-16
3901.14222787047  1.532245E-16
3904.50559852732  1.556395E-16
3907.86896918417  1.565066E-16
3911.23233984102  1.848474E-16
3914.59571049787  1.954406E-16
3917.95908115472  1.597648E-16
3921.32245181156  1.687703E-16
3924.68582246841  1.658059E-16
3928.04919312526  1.616953E-16
3931.41256378211  1.613894E-16
3934.77593443896  1.732163E-16
3938.13930509581  1.778848E-16
3941.50267575266  1.629456E-16
3944.86604640951  1.690001E-16
3948.22941706636  1.664324E-16
3951.5927877232  1.713615E-16
3954.95615838005  1.496925E-16
3958.3195290369  1.710501E-16
3961.68289969375  1.409700E-16
3965.0462703506  1.454539E-16
3968.40964100745  1.490833E-16
3971.7730116643  1.497785E-16
3975.13638232115  1.543872E-16
3978.49975297799  1.407381E-16
3981.86312363484  1.448881E-16
3985.22649429169  1.442688E-16
3988.58986494854  1.569867E-16
3991.95323560539  1.468186E-16
3995.31660626224  1.396716E-16
3998.67997691909  1.494541E-16
4002.04334757594  1.493921E-16
4005.40671823279  1.472150E-16
4008.77008888963  1.369296E-16
4012.13345954648  1.306432E-16
4015.49683020333  1.446667E-16
4018.86020086018  1.427049E-16
4022.22357151703  1.513652E-16
4025.58694217388  1.379240E-16
4028.95031283073  1.399413E-16
4032.31368348758  1.581378E-16
4035.67705414442  1.343701E-16
4039.04042480127  1.418704E-16
4042.40379545812  1.470714E-16
4045.76716611497  1.348093E-16
4049.13053677182  1.423576E-16
4052.49390742867  1.395895E-16
4055.85727808552  1.430831E-16
4059.22064874237  1.593386E-16
4062.58401939921  1.374401E-16
4065.94739005606  1.301816E-16
4069.31076071291  1.241820E-16
4072.67413136976  1.309663E-16
4076.03750202661  1.310273E-16
4079.40087268346  1.419269E-16
4082.76424334031  1.407835E-16
4086.12761399716  1.354158E-16
4089.490984654  1.487475E-16
4092.85435531085  1.337494E-16
4096.2177259677  1.337052E-16
4099.58109662455  1.436673E-16
4102.9444672814  1.308796E-16
4106.30783793825  1.321790E-16
4109.6712085951  1.380669E-16
4113.03457925195  1.371113E-16
4116.3979499088  1.215816E-16
4119.76132056564  1.310999E-16
4123.12469122249  1.368366E-16
4126.48806187934  1.382846E-16
4129.85143253619  1.356590E-16
4133.21480319304  1.311374E-16
4136.57817384989  1.495965E-16
4139.94154450674  1.308989E-16
4143.30491516359  1.332442E-16
4146.66828582044  1.366332E-16
4150.03165647728  1.390634E-16
4153.39502713413  1.415400E-16
4156.75839779098  1.362910E-16
4160.12176844783  1.359651E-16
4163.48513910468  1.364753E-16
4166.84850976153  1.457662E-16
4170.21188041838  1.411400E-16
4173.57525107522  1.297053E-16
4176.93862173207  1.262784E-16
4180.30199238892  1.238420E-16
4183.66536304577  1.330522E-16
4187.02873370262  1.320521E-16
4190.39210435947  1.209703E-16
4193.75547501632  1.203545E-16
4197.11884567317  1.193888E-16
4200.48221633001  1.290537E-16
4203.84558698686  1.297617E-16
4207.20895764371  1.297925E-16
4210.57232830056  1.323920E-16
4213.93569895741  1.290439E-16
4217.29906961426  1.346311E-16
4220.66244027111  1.458448E-16
4224.02581092796  1.358679E-16
4227.38918158481  1.282523E-16
4230.75255224166  1.339033E-16
4234.1159228985  1.296160E-16
4237.47929355535  1.352426E-16
4240.8426642122  1.322124E-16
4244.20603486905  1.322613E-16
4247.5694055259  1.271232E-16
4250.93277618275  1.234901E-16
4254.2961468396  1.224209E-16
4257.65951749644  1.219285E-16
4261.02288815329  1.342412E-16
4264.38625881014  1.293557E-16
4267.74962946699  1.351158E-16
4271.11300012384  1.373750E-16
4274.47637078069  1.246475E-16
4277.83974143754  1.256327E-16
4281.20311209439  1.334822E-16
4284.56648275124  1.313966E-16
4287.92985340808  1.399499E-16
4291.29322406493  1.277242E-16
4294.65659472178  1.276631E-16
4298.01996537863  1.293355E-16
4301.38333603548  1.263279E-16
4304.74670669233  1.220150E-16
4308.11007734918  1.205820E-16
4311.47344800603  1.185301E-16
4314.83681866287  1.254408E-16
4318.20018931972  1.216292E-16
4321.56355997657  1.290645E-16
4324.92693063342  1.399324E-16
4328.29030129027  1.313813E-16
4331.65367194712  1.287729E-16
4335.01704260397  1.210123E-16
4338.38041326082  1.249771E-16
4341.74378391767  1.202105E-16
4345.10715457451  1.184109E-16
4348.47052523136  1.247368E-16
4351.83389588821  1.307849E-16
4355.19726654506  1.371539E-16
4358.56063720191  1.403250E-16
4361.92400785876  1.349562E-16
4365.28737851561  1.359377E-16
4368.65074917246  1.310206E-16
4372.0141198293  1.419240E-16
4375.37749048615  1.408457E-16
4378.740861143  1.370010E-16
4382.10423179985  1.372620E-16
4385.4676024567  1.432667E-16
4388.83097311355  1.263434E-16
4392.1943437704  1.288034E-16
4395.55771442725  1.360829E-16
4398.92108508409  1.354845E-16
4402.28445574094  1.429473E-16
4405.64782639779  1.349193E-16
4409.01119705464  1.269280E-16
4412.37456771149  1.320506E-16
4415.73793836834  1.296645E-16
4419.10130902519  1.313204E-16
4422.46467968204  1.405244E-16
4425.82805033889  1.349855E-16
4429.19142099573  1.243620E-16
4432.55479165258  1.302144E-16
4435.91816230943  1.307146E-16
4439.28153296628  1.344664E-16
4442.64490362313  1.319525E-16
4446.00827427998  1.283348E-16
4449.37164493683  1.252171E-16
4452.73501559368  1.215446E-16
4456.09838625052  1.176929E-16
4459.46175690737  1.286741E-16
4462.82512756422  1.346864E-16
4466.18849822107  1.272592E-16
4469.55186887792  1.314764E-16
4472.91523953477  1.334058E-16
4476.27861019162  1.332675E-16
4479.64198084847  1.247406E-16
4483.00535150531  1.192670E-16
4486.36872216216  1.168975E-16
4489.73209281901  1.189638E-16
4493.09546347586  1.284950E-16
4496.45883413271  1.316826E-16
4499.82220478956  1.380216E-16
4503.18557544641  1.323685E-16
4506.54894610326  1.312938E-16
4509.91231676011  1.366428E-16
4513.27568741695  1.373282E-16
4516.6390580738  1.299728E-16
4520.00242873065  1.295697E-16
4523.3657993875  1.321532E-16
4526.72917004435  1.344079E-16
4530.0925407012  1.321726E-16
4533.45591135805  1.279516E-16
4536.8192820149  1.221353E-16
4540.18265267174  1.224051E-16
4543.54602332859  1.221628E-16
4546.90939398544  1.259101E-16
4550.27276464229  1.268565E-16
4553.63613529914  1.253980E-16
4556.99950595599  1.202778E-16
4560.36287661284  1.284477E-16
4563.72624726969  1.212873E-16
4567.08961792654  1.260510E-16
4570.45298858338  1.266697E-16
4573.81635924023  1.217288E-16
4577.17972989708  1.228237E-16
4580.54310055393  1.249535E-16
4583.90647121078  1.191528E-16
4587.26984186763  1.201216E-16
4590.63321252448  1.237808E-16
4593.99658318133  1.199617E-16
4597.35995383817  1.142029E-16
4600.72332449502  1.172076E-16
4604.08669515187  1.228292E-16
4607.45006580872  1.208215E-16
4610.81343646557  1.217610E-16
4614.17680712242  1.242902E-16
4617.54017777927  1.172759E-16
4620.90354843612  1.169533E-16
4624.26691909296  1.172297E-16
4627.63028974981  1.120618E-16
4630.99366040666  1.148915E-16
4634.35703106351  1.162866E-16
4637.72040172036  1.186841E-16
4641.08377237721  1.173768E-16
4644.44714303406  1.177320E-16
4647.81051369091  1.171041E-16
4651.17388434776  1.201129E-16
4654.5372550046  1.230292E-16
4657.90062566145  1.132593E-16
4661.2639963183  1.092781E-16
4664.62736697515  1.121196E-16
4667.990737632  1.200769E-16
4671.35410828885  1.225173E-16
4674.7174789457  1.157365E-16
4678.08084960255  1.168489E-16
4681.44422025939  1.138394E-16
4684.80759091624  1.172313E-16
4688.17096157309  1.152947E-16
4691.53433222994  1.147624E-16
4694.89770288679  1.128656E-16
4698.26107354364  1.146893E-16
4701.62444420049  1.115394E-16
4704.98781485734  1.111453E-16
4708.35118551418  1.080330E-16
4711.71455617103  1.138875E-16
4715.07792682788  1.255598E-16
4718.44129748473  1.121136E-16
4721.80466814158  1.103933E-16
4725.16803879843  1.146257E-16
4728.53140945528  1.183336E-16
4731.89478011213  1.243617E-16
4735.25815076898  1.187081E-16
4738.62152142582  1.109878E-16
4741.98489208267  1.155965E-16
4745.34826273952  1.142296E-16
4748.71163339637  1.073271E-16
4752.07500405322  1.100902E-16
4755.43837471007  1.177788E-16
4758.80174536692  1.160420E-16
4762.16511602377  1.206832E-16
4765.52848668062  1.232223E-16
4768.89185733746  1.245134E-16
4772.25522799431  1.226736E-16
4775.61859865116  1.179419E-16
4778.98196930801  1.171993E-16
4782.34533996486  1.171185E-16
4785.70871062171  1.155335E-16
4789.07208127856  1.171759E-16
4792.43545193541  1.177395E-16
4795.79882259225  1.137058E-16
4799.1621932491  1.172800E-16
4802.52556390595  1.167255E-16
4805.8889345628  1.162264E-16
4809.25230521965  1.154534E-16
4812.6156758765  1.145191E-16
4815.97904653335  1.132255E-16
4819.34241719019  1.130973E-16
4822.70578784704  1.136191E-16
4826.06915850389  1.178819E-16
4829.43252916074  1.173252E-16
4832.79589981759  1.190659E-16
4836.15927047444  1.154361E-16
4839.52264113129  1.149963E-16
4842.88601178814  1.135713E-16
4846.24938244499  1.197562E-16
4849.61275310183  1.197665E-16
4852.97612375868  1.173398E-16
4856.33949441553  1.255220E-16
4859.70286507238  1.171290E-16
4863.06623572923  1.147753E-16
4866.42960638608  1.167448E-16
4869.79297704293  1.150329E-16
4873.15634769978  1.118714E-16
4876.51971835663  1.199014E-16
4879.88308901347  1.200999E-16
4883.24645967032  1.171290E-16
4886.60983032717  1.190303E-16
4889.97320098402  1.184889E-16
4893.33657164087  1.190058E-16
4896.69994229772  1.139375E-16
4900.06331295457  1.204302E-16
4903.42668361142  1.165829E-16
4906.79005426826  1.124032E-16
4910.15342492511  1.133817E-16
4913.51679558196  1.167737E-16
4916.88016623881  1.170777E-16
4920.24353689566  1.141082E-16
4923.60690755251  1.225690E-16
4926.97027820936  1.188335E-16
4930.33364886621  1.090083E-16
4933.69701952305  1.139435E-16
4937.0603901799  1.144481E-16
4940.42376083675  1.159178E-16
4943.7871314936  1.144369E-16
4947.15050215045  1.130907E-16
4950.5138728073  1.087027E-16
4953.87724346415  1.092290E-16
4957.240614121  1.137815E-16
4960.60398477785  1.176123E-16
4963.96735543469  1.158662E-16
4967.33072609154  1.135038E-16
4970.69409674839  1.130562E-16
4974.05746740524  1.170460E-16
4977.42083806209  1.101295E-16
4980.78420871894  1.163040E-16
4984.14757937579  1.172102E-16
4987.51095003264  1.165213E-16
4990.87432068948  1.126939E-16
4994.23769134633  1.180694E-16
4997.60106200318  1.075508E-16
5000.96443266003  1.150165E-16
5004.32780331688  1.132251E-16
5007.69117397373  1.099833E-16
5011.05454463058  1.104341E-16
5014.41791528743  1.176866E-16
5017.78128594428  1.146191E-16
5021.14465660112  1.120225E-16
5024.50802725797  1.106049E-16
5027.87139791482  1.122482E-16
5031.23476857167  1.121483E-16
5034.59813922852  1.143207E-16
5037.96150988537  1.131192E-16
5041.32488054222  1.215048E-16
5044.68825119907  1.218712E-16
5048.05162185592  1.208657E-16
5051.41499251276  1.184630E-16
5054.77836316961  1.204718E-16
5058.14173382646  1.154566E-16
5061.50510448331  1.164804E-16
5064.86847514016  1.144866E-16
5068.23184579701  1.192495E-16
5071.59521645386  1.177742E-16
5074.95858711071  1.185296E-16
5078.32195776755  1.181717E-16
5081.6853284244  1.197570E-16
5085.04869908125  1.132495E-16
5088.4120697381  1.191228E-16
5091.77544039495  1.234045E-16
5095.1388110518  1.161363E-16
5098.50218170865  1.130348E-16
5101.86555236549  1.210957E-16
5105.22892302235  1.204158E-16
5108.59229367919  1.149535E-16
5111.95566433604  1.163792E-16
5115.31903499289  1.156967E-16
5118.68240564974  1.156024E-16
5122.04577630659  1.150231E-16
5125.40914696344  1.203504E-16
5128.77251762029  1.214435E-16
5132.13588827714  1.147198E-16
5135.49925893398  1.152378E-16
5138.86262959083  1.131965E-16
5142.22600024768  1.111281E-16
5145.58937090453  1.063316E-16
5148.95274156138  1.046689E-16
5152.31611221823  1.123905E-16
5155.67948287508  1.169562E-16
5159.04285353193  1.163012E-16
5162.40622418877  1.137459E-16
5165.76959484562  1.120137E-16
5169.13296550247  1.119514E-16
5172.49633615932  1.114289E-16
5175.85970681617  1.148303E-16
5179.22307747302  1.150681E-16
5182.58644812987  1.110769E-16
5185.94981878672  1.159320E-16
5189.31318944356  1.179316E-16
5192.67656010041  1.124440E-16
5196.03993075726  1.103084E-16
5199.40330141411  1.132679E-16
5202.76667207096  1.111053E-16
5206.13004272781  1.131977E-16
5209.49341338466  1.144566E-16
5212.85678404151  1.077663E-16
5216.22015469835  1.070722E-16
5219.5835253552  1.136648E-16
5222.94689601205  1.078135E-16
5226.3102666689  1.103957E-16
5229.67363732575  1.042725E-16
5233.0370079826  1.081357E-16
5236.40037863945  1.107979E-16
5239.7637492963  1.106358E-16
5243.12711995315  1.136238E-16
5246.49049060999  1.137462E-16
5249.85386126684  1.090086E-16
5253.21723192369  1.138427E-16
5256.58060258054  1.139399E-16
5259.94397323739  1.097066E-16
5263.30734389424  1.106321E-16
5266.67071455109  1.118029E-16
5270.03408520794  1.095423E-16
5273.39745586479  1.119159E-16
5276.76082652163  1.143519E-16
5280.12419717848  1.075034E-16
5283.48756783533  1.106691E-16
5286.85093849218  1.114297E-16
5290.21430914903  1.141168E-16
5293.57767980588  1.138203E-16
5296.94105046273  1.115020E-16
5300.30442111958  1.108098E-16
5303.66779177642  1.107916E-16
5307.03116243327  1.138831E-16
5310.39453309012  1.127838E-16
5313.75790374697  1.060952E-16
5317.12127440382  1.091221E-16
5320.48464506067  1.117361E-16
5323.84801571752  1.117065E-16
5327.21138637437  1.142933E-16
5330.57475703122  1.149595E-16
5333.93812768806  1.127085E-16
5337.30149834491  1.142129E-16
5340.66486900176  1.156798E-16
5344.02823965861  1.137704E-16
5347.39161031546  1.113093E-16
5350.75498097231  1.153014E-16
5354.11835162916  1.186518E-16
5357.481722286  1.120972E-16
5360.84509294285  1.098946E-16
5364.2084635997  1.133915E-16
5367.57183425655  1.124046E-16
5370.9352049134  1.097611E-16
5374.29857557025  1.128342E-16
5377.6619462271  1.147145E-16
5381.02531688395  1.090908E-16
5384.38868754079  1.096010E-16
5387.75205819764  1.097702E-16
5391.11542885449  1.078079E-16
5394.47879951134  1.092584E-16
5397.84217016819  1.091419E-16
5401.20554082504  1.114284E-16
5404.56891148189  1.092731E-16
5407.93228213874  1.060782E-16
5411.29565279559  1.023248E-16
5414.65902345243  1.004213E-16
5418.02239410928  1.018623E-16
5421.38576476613  1.036243E-16
5424.74913542298  1.023662E-16
5428.11250607983  1.048729E-16
5431.47587673668  1.031905E-16
5434.83924739353  1.020290E-16
5438.20261805038  1.048100E-16
5441.56598870722  1.006030E-16
5444.92935936407  9.856489E-17
5448.29273002092  1.019679E-16
5451.65610067777  1.038942E-16
5455.01947133462  1.054873E-16
5458.38284199147  1.071868E-16
5461.74621264832  1.037234E-16
5465.10958330517  1.074069E-16
5468.47295396202  1.042598E-16
5471.83632461887  9.666748E-17
5475.19969527571  9.984115E-17
5478.56306593256  1.014729E-16
5481.92643658941  1.003406E-16
5485.28980724626  9.932918E-17
5488.65317790311  9.755024E-17
5492.01654855996  1.028509E-16
5495.37991921681  1.063399E-16
5498.74328987365  9.858569E-17
5502.1066605305  1.005397E-16
5505.47003118735  1.061545E-16
5508.8334018442  9.936311E-17
5512.19677250105  1.003163E-16
5515.5601431579  1.059537E-16
5518.92351381475  9.927993E-17
5522.2868844716  9.596612E-17
5525.65025512845  9.738598E-17
5529.0136257853  1.031192E-16
5532.37699644214  1.033261E-16
5535.74036709899  9.867784E-17
5539.10373775584  9.982780E-17
5542.46710841269  9.572125E-17
5545.83047906954  9.955339E-17
5549.19384972639  9.555313E-17
5552.55722038323  1.000182E-16
5555.92059104008  9.690211E-17
5559.28396169693  9.640852E-17
5562.64733235378  9.904887E-17
5566.01070301063  9.856222E-17
5569.37407366748  9.533703E-17
5572.73744432433  9.672609E-17
5576.10081498118  9.288346E-17
5579.46418563803  9.233324E-17
5582.82755629487  9.647419E-17
5586.19092695172  9.787149E-17
5589.55429760857  9.560125E-17
5592.91766826542  9.081594E-17
5596.28103892227  8.759099E-17
5599.64440957912  8.251276E-17
5603.00778023597  9.342278E-17
5606.37115089282  9.833453E-17
5609.73452154966  9.681260E-17
5613.09789220651  8.957851E-17
5616.46126286336  9.148440E-17
5619.82463352021  9.312565E-17
5623.18800417706  9.157042E-17
5626.55137483391  9.684616E-17
5629.91474549076  9.645999E-17
5633.27811614761  9.449165E-17
5636.64148680446  8.778984E-17
5640.0048574613  8.539756E-17
5643.36822811815  8.374821E-17
5646.731598775  8.452195E-17
5650.09496943185  8.842071E-17
5653.4583400887  9.101800E-17
5656.82171074555  9.015974E-17
5660.1850814024  9.058273E-17
5663.54845205925  8.664289E-17
5666.9118227161  8.802278E-17
5670.27519337294  9.050460E-17
5673.63856402979  9.084353E-17
5677.00193468664  8.866258E-17
5680.36530534349  8.686054E-17
5683.72867600034  9.030086E-17
5687.09204665719  8.856230E-17
5690.45541731404  8.665747E-17
5693.81878797089  8.669404E-17
5697.18215862773  9.034813E-17
5700.54552928458  9.311802E-17
5703.90889994143  9.209967E-17
5707.27227059828  8.293838E-17
5710.63564125513  8.770689E-17
5713.99901191198  8.917495E-17
5717.36238256883  9.061515E-17
5720.72575322568  9.202494E-17
5724.08912388253  8.861802E-17
5727.45249453937  8.860853E-17
5730.81586519622  8.953555E-17
5734.17923585307  9.028297E-17
5737.54260650992  8.829769E-17
5740.90597716677  9.332191E-17
5744.26934782362  8.564146E-17
5747.63271848047  8.286649E-17
5750.99608913732  8.358416E-17
5754.35945979416  7.855601E-17
5757.72283045101  8.120730E-17
5761.08620110786  8.617301E-17
5764.44957176471  8.528405E-17
5767.81294242156  8.493680E-17
5771.17631307841  8.663051E-17
5774.53968373526  8.621993E-17
5777.90305439211  8.840040E-17
5781.26642504895  9.321509E-17
5784.6297957058  8.694691E-17
5787.99316636265  7.975299E-17
5791.3565370195  8.335404E-17
5794.71990767635  8.703578E-17
5798.0832783332  8.979721E-17
5801.44664899005  8.591320E-17
5804.8100196469  8.350879E-17
5808.17339030374  8.574094E-17
5811.53676096059  8.927801E-17
5814.90013161744  8.633139E-17
5818.26350227429  8.384626E-17
5821.62687293114  8.553911E-17
5824.99024358799  8.431842E-17
5828.35361424484  8.455929E-17
5831.71698490169  8.335898E-17
5835.08035555853  8.411246E-17
5838.44372621538  8.684668E-17
5841.80709687223  8.748640E-17
5845.17046752908  8.848690E-17
5848.53383818593  8.881434E-17
5851.89720884278  8.778776E-17
5855.26057949963  8.487474E-17
5858.62395015648  8.941196E-17
5861.98732081333  8.609161E-17
5865.35069147017  8.267105E-17
5868.71406212702  8.554808E-17
5872.07743278387  8.386696E-17
5875.44080344072  9.245060E-17
5878.80417409757  8.946673E-17
5882.16754475442  8.755696E-17
5885.53091541127  8.711815E-17
5888.89428606812  8.646412E-17
5892.25765672496  8.417808E-17
5895.62102738181  8.006971E-17
5898.98439803866  8.369828E-17
5902.34776869551  8.337899E-17
5905.71113935236  8.267397E-17
5909.07451000921  8.371655E-17
5912.43788066606  8.325608E-17
5915.80125132291  8.111209E-17
5919.16462197976  8.238364E-17
5922.5279926366  9.169447E-17
5925.89136329345  8.740166E-17
5929.2547339503  7.855723E-17
5932.61810460715  8.037606E-17
5935.981475264  8.573901E-17
5939.34484592085  8.547967E-17
5942.7082165777  7.571903E-17
5946.07158723455  8.043588E-17
5949.43495789139  8.052675E-17
5952.79832854824  8.419022E-17
5956.16169920509  8.370892E-17
5959.52506986194  8.278093E-17
5962.88844051879  7.836928E-17
5966.25181117564  7.897296E-17
5969.61518183249  7.948686E-17
5972.97855248934  7.848791E-17
5976.34192314619  7.966263E-17
5979.70529380303  7.904169E-17
5983.06866445988  7.921504E-17
5986.43203511673  8.159912E-17
5989.79540577358  8.217380E-17
5993.15877643043  8.280803E-17
5996.52214708728  8.296764E-17
5999.88551774413  8.311144E-17
6003.24888840097  8.496288E-17
6006.61225905782  8.556116E-17
6009.97562971467  8.243409E-17
6013.33900037152  8.065099E-17
6016.70237102837  8.087011E-17
6020.06574168522  7.978931E-17
6023.42911234207  7.608559E-17
6026.79248299892  7.699863E-17
6030.15585365577  8.041086E-17
6033.51922431262  8.295998E-17
6036.88259496946  7.621488E-17
6040.24596562631  7.475980E-17
6043.60933628316  7.869573E-17
6046.97270694001  7.872376E-17
6050.33607759686  8.059239E-17
6053.69944825371  8.255589E-17
6057.06281891056  8.275052E-17
6060.4261895674  8.424950E-17
6063.78956022425  8.489206E-17
6067.1529308811  8.571230E-17
6070.51630153795  8.480184E-17
6073.8796721948  7.975196E-17
6077.24304285165  7.791711E-17
6080.6064135085  7.964960E-17
6083.96978416535  7.740049E-17
6087.3331548222  8.168373E-17
6090.69652547905  8.389212E-17
6094.05989613589  8.032723E-17
6097.42326679274  7.714127E-17
6100.78663744959  8.160731E-17
6104.15000810644  7.960749E-17
6107.51337876329  7.879585E-17
6110.87674942014  7.956630E-17
6114.24012007699  7.424013E-17
6117.60349073383  7.898788E-17
6120.96686139068  8.500794E-17
6124.33023204753  8.070895E-17
6127.69360270438  8.141995E-17
6131.05697336123  8.173534E-17
6134.42034401808  8.199364E-17
6137.78371467493  7.776224E-17
6141.14708533178  8.194681E-17
6144.51045598863  8.207366E-17
6147.87382664548  8.282983E-17
6151.23719730232  7.912731E-17
6154.60056795917  8.195586E-17
6157.96393861602  8.467816E-17
6161.32730927287  8.361293E-17
6164.69067992972  8.249946E-17
6168.05405058657  7.835619E-17
6171.41742124342  7.919169E-17
6174.78079190026  8.309639E-17
6178.14416255711  8.134535E-17
6181.50753321396  8.275502E-17
6184.87090387081  8.394813E-17
6188.23427452766  8.072865E-17
6191.59764518451  8.181315E-17
6194.96101584136  8.220692E-17
6198.32438649821  8.406802E-17
6201.68775715505  8.489437E-17
6205.0511278119  8.595131E-17
6208.41449846875  8.436131E-17
6211.7778691256  8.471388E-17
6215.14123978245  8.695417E-17
6218.5046104393  8.136520E-17
6221.86798109615  7.990630E-17
6225.231351753  8.226430E-17
6228.59472240985  8.174284E-17
6231.95809306669  8.112050E-17
6235.32146372354  7.839986E-17
6238.68483438039  7.631607E-17
6242.04820503724  8.093446E-17
6245.41157569409  8.559744E-17
6248.77494635094  8.498103E-17
6252.13831700779  8.312649E-17
6255.50168766464  8.554487E-17
6258.86505832148  8.175674E-17
6262.22842897833  8.049486E-17
6265.59179963518  8.126438E-17
6268.95517029203  7.848067E-17
6272.31854094888  8.280535E-17
6275.68191160573  8.716923E-17
6279.04528226258  8.192415E-17
6282.40865291943  8.043928E-17
6285.77202357628  8.043208E-17
6289.13539423312  8.079949E-17
6292.49876488997  8.340837E-17
6295.86213554682  8.096306E-17
6299.22550620367  7.937096E-17
6302.58887686052  7.974296E-17
6305.95224751737  7.703000E-17
6309.31561817422  7.695935E-17
6312.67898883107  7.470938E-17
6316.04235948791  7.562090E-17
6319.40573014476  7.911071E-17
6322.76910080161  8.290883E-17
6326.13247145846  8.503069E-17
6329.49584211531  8.107717E-17
6332.85921277216  7.952193E-17
6336.22258342901  8.332830E-17
6339.58595408586  8.020705E-17
6342.94932474271  7.915761E-17
6346.31269539955  8.176544E-17
6349.6760660564  8.108884E-17
6353.03943671325  8.409961E-17
6356.4028073701  8.680080E-17
6359.76617802695  7.791957E-17
6363.1295486838  7.680173E-17
6366.49291934065  7.808998E-17
6369.8562899975  7.780679E-17
6373.21966065434  8.293505E-17
6376.58303131119  8.758061E-17
6379.94640196804  8.299947E-17
6383.30977262489  8.318640E-17
6386.67314328174  8.378221E-17
6390.03651393859  8.154287E-17
6393.39988459544  8.185552E-17
6396.76325525229  8.519338E-17
6400.12662590913  8.776030E-17
6403.48999656598  8.683147E-17
6406.85336722283  8.643204E-17
6410.21673787968  8.795894E-17
6413.58010853653  8.908690E-17
6416.94347919338  9.078761E-17
6420.30684985023  8.411882E-17
6423.67022050708  8.648007E-17
6427.03359116392  8.377667E-17
6430.39696182077  8.642575E-17
6433.76033247762  8.245590E-17
6437.12370313447  8.373136E-17
6440.48707379132  8.429481E-17
6443.85044444817  8.625412E-17
6447.21381510502  8.556155E-17
6450.57718576187  8.634742E-17
6453.94055641872  8.531806E-17
6457.30392707556  8.449238E-17
6460.66729773241  8.548433E-17
6464.03066838926  8.288494E-17
6467.39403904611  8.532438E-17
6470.75740970296  8.528306E-17
6474.12078035981  8.686038E-17
6477.48415101666  8.698800E-17
6480.84752167351  8.126564E-17
6484.21089233035  8.489028E-17
6487.5742629872  7.964524E-17
6490.93763364405  8.249955E-17
6494.3010043009  8.130864E-17
6497.66437495775  8.520551E-17
6501.0277456146  8.437570E-17
6504.39111627145  8.237108E-17
6507.75448692829  8.242278E-17
6511.11785758514  8.152977E-17
6514.48122824199  8.274646E-17
6517.84459889884  8.149904E-17
6521.20796955569  8.451175E-17
6524.57134021254  8.357759E-17
6527.93471086939  8.226845E-17
6531.29808152624  7.898732E-17
6534.66145218309  8.301526E-17
6538.02482283994  8.004385E-17
6541.38819349678  7.569127E-17
6544.75156415363  7.503905E-17
6548.11493481048  7.551646E-17
6551.47830546733  7.595518E-17
6554.84167612418  8.045043E-17
6558.20504678103  8.447757E-17
6561.56841743788  8.266193E-17
6564.93178809473  7.961180E-17
6568.29515875158  7.944789E-17
6571.65852940842  8.064235E-17
6575.02190006527  8.038591E-17
6578.38527072212  8.023639E-17
6581.74864137897  8.230086E-17
6585.11201203582  8.530252E-17
6588.47538269267  7.653317E-17
6591.83875334952  8.184515E-17
6595.20212400637  8.023082E-17
6598.56549466321  8.144916E-17
6601.92886532006  8.173190E-17
6605.29223597691  7.943323E-17
6608.65560663376  7.976165E-17
6612.01897729061  7.983577E-17
6615.38234794746  8.091383E-17
6618.74571860431  8.015692E-17
6622.10908926116  7.826398E-17
6625.472459918  8.333227E-17
6628.83583057485  8.135586E-17
6632.1992012317  7.748232E-17
6635.56257188855  7.986712E-17
6638.9259425454  8.084579E-17
6642.28931320225  7.905257E-17
6645.6526838591  7.927077E-17
6649.01605451595  7.931259E-17
6652.37942517279  7.713650E-17
6655.74279582964  7.488845E-17
6659.10616648649  7.810877E-17
6662.46953714334  8.183448E-17
6665.83290780019  7.966451E-17
6669.19627845704  7.537012E-17
6672.55964911389  7.379616E-17
6675.92301977074  7.895592E-17
6679.28639042759  7.980927E-17
6682.64976108443  7.492286E-17
6686.01313174128  7.727317E-17
6689.37650239813  7.774894E-17
6692.73987305498  7.465762E-17
6696.10324371183  7.534187E-17
6699.46661436868  7.694720E-17
6702.82998502553  8.074369E-17
6706.19335568238  7.838417E-17
6709.55672633922  7.567923E-17
6712.92009699607  7.719690E-17
6716.28346765292  7.620560E-17
6719.64683830977  7.701267E-17
6723.01020896662  7.436569E-17
6726.37357962347  7.555523E-17
6729.73695028032  7.441984E-17
6733.10032093717  8.027873E-17
6736.46369159402  7.665060E-17
6739.82706225086  7.347349E-17
6743.19043290771  7.454589E-17
6746.55380356456  7.908802E-17
6749.91717422141  7.691182E-17
6753.28054487826  7.491865E-17
6756.64391553511  7.328759E-17
6760.00728619196  7.300909E-17
6763.37065684881  7.560049E-17
6766.73402750565  7.561004E-17
6770.0973981625  7.818117E-17
6773.46076881935  7.318150E-17
6776.8241394762  7.350588E-17
6780.18751013305  7.776812E-17
6783.5508807899  7.842131E-17
6786.91425144675  7.758687E-17
6790.2776221036  7.728792E-17
6793.64099276045  7.758934E-17
6797.00436341729  7.683458E-17
6800.36773407414  7.637915E-17
6803.73110473099  7.392336E-17
6807.09447538784  7.476152E-17
6810.45784604469  7.597989E-17
6813.82121670154  7.178779E-17
6817.18458735839  7.465843E-17
6820.54795801524  7.638569E-17
6823.91132867208  7.455040E-17
6827.27469932893  7.264528E-17
6830.63806998578  7.013225E-17
6834.00144064263  7.464842E-17
6837.36481129948  7.649191E-17
6840.72818195633  7.790683E-17
6844.09155261318  8.099035E-17
6847.45492327002  7.961700E-17
6850.81829392687  7.817520E-17
6854.18166458372  7.640033E-17
6857.54503524057  7.610566E-17
6860.90840589742  8.185769E-17
6864.27177655427  7.971733E-17
6867.63514721112  7.553860E-17
6870.99851786797  7.872896E-17
6874.36188852482  7.609782E-17
6877.72525918166  8.012690E-17
6881.08862983851  7.763302E-17
6884.45200049536  7.639561E-17
6887.81537115221  7.569356E-17
6891.17874180906  7.387908E-17
6894.54211246591  6.939857E-17
6897.90548312276  6.355872E-17
6901.26885377961  6.160678E-17
6904.63222443645  6.138972E-17
6907.9955950933  6.385901E-17
6911.35896575015  6.913460E-17
6914.722336407  6.567062E-17
6918.08570706385  7.073616E-17
6921.4490777207  6.642884E-17
6924.81244837755  6.941383E-17
6928.1758190344  6.684272E-17
6931.53918969125  6.651766E-17
6934.90256034809  7.227560E-17
6938.26593100494  7.498035E-17
6941.62930166179  7.569161E-17
6944.99267231864  7.491771E-17
6948.35604297549  7.687179E-17
6951.71941363234  7.994444E-17
6955.08278428919  7.640959E-17
6958.44615494604  7.890696E-17
6961.80952560289  7.854918E-17
6965.17289625973  7.685422E-17
6968.53626691658  7.464725E-17
6971.89963757343  7.774202E-17
6975.26300823028  7.869145E-17
6978.62637888713  8.229282E-17
6981.98974954398  8.292535E-17
6985.35312020083  8.353962E-17
6988.71649085768  8.704920E-17
6992.07986151452  8.552289E-17
6995.44323217137  8.040954E-17
6998.80660282822  8.133308E-17
7002.16997348507  8.539077E-17
7005.53334414192  8.554777E-17
7008.89671479877  8.681855E-17
7012.26008545562  8.338728E-17
7015.62345611247  7.976088E-17
7018.98682676931  8.308512E-17
7022.35019742616  8.185982E-17
7025.71356808301  8.610853E-17
7029.07693873986  8.629038E-17
7032.44030939671  8.116247E-17
7035.80368005356  8.486566E-17
7039.16705071041  8.970935E-17
7042.53042136726  8.726830E-17
7045.89379202411  8.503523E-17
7049.25716268095  8.110574E-17
7052.6205333378  7.971806E-17
7055.98390399465  8.234891E-17
7059.3472746515  8.644614E-17
7062.71064530835  8.755459E-17
7066.0740159652  8.654792E-17
7069.43738662205  8.387153E-17
7072.80075727889  8.527033E-17
7076.16412793574  9.023081E-17
7079.52749859259  8.601626E-17
7082.89086924944  8.254899E-17
7086.25423990629  8.926784E-17
7089.61761056314  9.122566E-17
7092.98098121999  9.372713E-17
7096.34435187684  8.919451E-17
7099.70772253369  8.640496E-17
7103.07109319053  9.072577E-17
7106.43446384738  8.998544E-17
7109.79783450423  9.345537E-17
7113.16120516108  9.291972E-17
7116.52457581793  9.195022E-17
7119.88794647478  9.410764E-17
7123.25131713163  9.624581E-17
7126.61468778848  9.417504E-17
7129.97805844532  9.225113E-17
7133.34142910217  9.720596E-17
7136.70479975902  9.873179E-17
7140.06817041587  1.012576E-16
7143.43154107272  1.019878E-16
7146.79491172957  9.848702E-17
7150.15828238642  9.335566E-17
7153.52165304327  9.674867E-17
7156.88502370012  9.693082E-17
7160.24839435696  9.232649E-17
7163.61176501381  9.433406E-17
7166.97513567066  9.856102E-17
7170.33850632751  1.013976E-16
7173.70187698436  1.039373E-16
7177.06524764121  1.010858E-16
7180.42861829806  1.024003E-16
7183.79198895491  1.052930E-16
7187.15535961175  1.021393E-16
7190.5187302686  9.735787E-17
7193.88210092545  9.768481E-17
7197.2454715823  9.418597E-17
7200.60884223915  9.124435E-17
7203.972212896  8.879681E-17
7207.33558355285  9.096512E-17
7210.6989542097  9.106800E-17
7214.06232486654  8.635582E-17
7217.42569552339  8.627823E-17
7220.78906618024  8.470541E-17
7224.15243683709  8.534974E-17
7227.51580749394  8.498023E-17
7230.87917815079  8.448655E-17
7234.24254880764  8.485162E-17
7237.60591946449  8.635574E-17
7240.96929012134  8.786161E-17
7244.33266077818  8.779975E-17
7247.69603143503  9.015918E-17
7251.05940209188  9.185207E-17
7254.42277274873  8.958537E-17
7257.78614340558  8.769404E-17
7261.14951406243  8.487309E-17
7264.51288471928  7.865278E-17
7267.87625537613  7.640520E-17
7271.23962603298  8.112420E-17
7274.60299668982  8.435837E-17
7277.96636734667  8.135806E-17
7281.32973800352  7.875166E-17
7284.69310866037  7.793517E-17
7288.05647931722  7.980590E-17
7291.41984997407  8.231594E-17
7294.78322063092  8.011375E-17
7298.14659128777  7.585804E-17
7301.50996194461  7.564742E-17
7304.87333260146  7.754664E-17
7308.23670325831  8.002074E-17
7311.60007391516  8.243845E-17
7314.96344457201  7.777482E-17
7318.32681522886  7.735370E-17
7321.69018588571  8.074913E-17
7325.05355654256  7.501542E-17
7328.4169271994  7.336391E-17
7331.78029785625  8.209105E-17
7335.1436685131  7.961515E-17
7338.50703916995  7.504075E-17
7341.8704098268  8.493508E-17
7345.23378048365  8.518673E-17
7348.5971511405  7.655434E-17
7351.96052179735  8.016356E-17
7355.32389245419  8.219630E-17
7358.68726311104  8.193716E-17
7362.05063376789  7.852109E-17
7365.41400442474  8.230800E-17
7368.77737508159  7.842440E-17
7372.14074573844  7.830878E-17
7375.50411639529  8.458051E-17
7378.86748705214  8.405151E-17
7382.23085770899  8.240238E-17
7385.59422836583  8.324226E-17
7388.95759902268  7.941837E-17
7392.32096967953  7.907693E-17
7395.68434033638  8.176874E-17
7399.04771099323  7.257194E-17
7402.41108165008  8.333567E-17
7405.77445230693  8.150087E-17
7409.13782296377  7.632485E-17
7412.50119362062  7.487741E-17
7415.86456427747  7.917713E-17
7419.22793493432  8.104509E-17
7422.59130559117  7.796863E-17
7425.95467624802  8.061100E-17
7429.31804690487  7.891807E-17
7432.68141756172  7.361399E-17
7436.04478821857  7.756185E-17
7439.40815887542  7.784406E-17
7442.77152953226  7.312821E-17
7446.13490018911  7.695828E-17
7449.49827084596  7.725273E-17
7452.86164150281  7.801001E-17
7456.22501215966  7.543751E-17
7459.58838281651  7.352735E-17
7462.95175347336  7.765466E-17
7466.31512413021  7.722343E-17
7469.67849478705  7.482943E-17
7473.0418654439  7.490652E-17
7476.40523610075  7.493882E-17
7479.7686067576  7.511619E-17
7483.13197741445  7.694437E-17
7486.4953480713  7.817176E-17
7489.85871872815  7.919324E-17
7493.222089385  7.599719E-17
7496.58546004185  7.181098E-17
7499.94883069869  7.064724E-17
7503.31220135554  7.271724E-17
7506.67557201239  7.552152E-17
7510.03894266924  7.432899E-17
7513.40231332609  7.305447E-17
7516.76568398294  7.588765E-17
7520.12905463979  8.054518E-17
7523.49242529664  7.921261E-17
7526.85579595348  7.713063E-17
7530.21916661033  8.149426E-17
7533.58253726718  8.068477E-17
7536.94590792403  7.711915E-17
7540.30927858088  7.672398E-17
7543.67264923773  7.630455E-17
7547.03601989458  7.852057E-17
7550.39939055142  8.183277E-17
7553.76276120827  7.908999E-17
7557.12613186512  7.816921E-17
7560.48950252197  7.322647E-17
7563.85287317882  7.363341E-17
7567.21624383567  7.941977E-17
7570.57961449252  7.865419E-17
7573.94298514937  7.865030E-17
7577.30635580622  7.843300E-17
7580.66972646306  7.528780E-17
7584.03309711991  7.456301E-17
7587.39646777676  7.678212E-17
7590.75983843361  8.072205E-17
7594.12320909046  8.079276E-17
7597.48657974731  7.716098E-17
7600.84995040416  7.413246E-17
7604.21332106101  7.798447E-17
7607.57669171785  7.915220E-17
7610.9400623747  7.873467E-17
7614.30343303155  7.305866E-17
7617.6668036884  6.254297E-17
7621.03017434525  5.437851E-17
7624.3935450021  4.511402E-17
7627.75691565895  3.017891E-17
7631.1202863158  1.764845E-17
7634.48365697265  1.269936E-17
7637.84702762949  1.889622E-17
7641.21039828634  3.162135E-17
7644.57376894319  3.616601E-17
7647.93713960004  3.286311E-17
7651.30051025689  3.883910E-17
7654.66388091374  4.337184E-17
7658.02725157059  3.491423E-17
7661.39062222744  3.001769E-17
7664.75399288429  3.375387E-17
7668.11736354113  3.569224E-17
7671.48073419798  4.091365E-17
7674.84410485483  4.025309E-17
7678.20747551168  4.052276E-17
7681.57084616853  5.264336E-17
7684.93421682538  6.511631E-17
7688.29758748223  6.046516E-17
7691.66095813908  5.827545E-17
7695.02432879592  6.239938E-17
7698.38769945277  6.506692E-17
7701.75107010962  6.601979E-17
7705.11444076647  6.685779E-17
7708.47781142332  7.165610E-17
7711.84118208017  6.835412E-17
7715.20455273702  6.718107E-17
7718.56792339387  6.992063E-17
7721.93129405072  7.235794E-17
7725.29466470756  6.829684E-17
7728.65803536441  6.889031E-17
7732.02140602126  6.905610E-17
7735.38477667811  6.119686E-17
7738.74814733496  6.544071E-17
7742.11151799181  7.322094E-17
7745.47488864866  6.211616E-17
7748.83825930551  6.681872E-17
7752.20162996235  7.463432E-17
7755.5650006192  7.227028E-17
7758.92837127605  7.201561E-17
7762.2917419329  7.200294E-17
7765.65511258975  7.158856E-17
7769.0184832466  6.547921E-17
7772.38185390345  6.737074E-17
7775.74522456029  7.340037E-17
7779.10859521714  6.861668E-17
7782.47196587399  6.328460E-17
7785.83533653084  6.433455E-17
7789.19870718769  7.257090E-17
7792.56207784454  7.176688E-17
7795.92544850139  6.892447E-17
7799.28881915824  7.325433E-17
7802.65218981509  7.232252E-17
7806.01556047193  6.845986E-17
7809.37893112878  7.343355E-17
7812.74230178563  7.152459E-17
7816.10567244248  6.240566E-17
7819.46904309933  6.536848E-17
7822.83241375618  6.978916E-17
7826.19578441303  6.982022E-17
7829.55915506988  6.388152E-17
7832.92252572672  6.816295E-17
7836.28589638357  7.207203E-17
7839.64926704042  6.935246E-17
7843.01263769727  6.620905E-17
7846.37600835412  6.786167E-17
7849.73937901097  6.467814E-17
7853.10274966782  6.441633E-17
7856.46612032467  7.270433E-17
7859.82949098152  6.853179E-17
7863.19286163837  6.187860E-17
7866.55623229521  6.461895E-17
7869.91960295206  6.968302E-17
7873.28297360891  6.720749E-17
7876.64634426576  6.547831E-17
7880.00971492261  6.904135E-17
7883.37308557946  7.272286E-17
7886.73645623631  7.280407E-17
7890.09982689315  6.995228E-17
7893.46319755  6.668741E-17
7896.82656820685  6.587773E-17
7900.1899388637  7.039991E-17
7903.55330952055  7.689894E-17
7906.9166801774  6.796359E-17
7910.28005083425  6.789466E-17
7913.6434214911  6.968774E-17
7917.00679214795  6.515921E-17
7920.37016280479  6.399564E-17
7923.73353346164  7.093402E-17
7927.09690411849  7.229995E-17
7930.46027477534  6.518338E-17
7933.82364543219  6.380618E-17
7937.18701608904  6.495251E-17
7940.55038674589  6.471304E-17
7943.91375740274  6.871896E-17
7947.27712805958  7.292210E-17
7950.64049871643  7.108784E-17
7954.00386937328  6.777817E-17
7957.36724003013  6.427949E-17
7960.73061068698  6.689901E-17
7964.09398134383  6.809613E-17
7967.45735200068  6.303145E-17
7970.82072265753  6.461564E-17
7974.18409331438  6.495806E-17
7977.54746397122  6.361028E-17
7980.91083462807  6.257516E-17
7984.27420528492  5.786361E-17
7987.63757594177  5.957541E-17
7991.00094659862  6.524427E-17
7994.36431725547  6.601660E-17
7997.72768791232  6.485858E-17
8001.09105856917  6.582085E-17
8004.45442922601  6.628643E-17
8007.81779988286  6.554296E-17
8011.18117053971  6.656614E-17
8014.54454119656  7.156329E-17
8017.90791185341  7.245675E-17
8021.27128251026  6.877891E-17
8024.63465316711  7.021164E-17
8027.99802382396  7.455166E-17
8031.3613944808  7.235334E-17
8034.72476513765  6.507996E-17
8038.0881357945  6.702854E-17
8041.45150645135  6.929978E-17
8044.8148771082  5.705979E-17
8048.17824776505  5.795241E-17
8051.5416184219  6.405205E-17
8054.90498907875  5.949829E-17
8058.2683597356  6.190041E-17
8061.63173039244  6.852398E-17
8064.99510104929  6.951902E-17
8068.35847170614  6.511101E-17
8071.72184236299  6.599426E-17
8075.08521301984  6.783296E-17
8078.44858367669  6.656631E-17
8081.81195433354  6.895134E-17
8085.17532499039  6.119359E-17
8088.53869564723  6.355038E-17
8091.90206630408  6.476968E-17
8095.26543696093  6.347688E-17
8098.62880761778  7.097734E-17
8101.99217827463  6.774618E-17
8105.35554893148  6.356229E-17
8108.71891958833  6.870468E-17
8112.08229024518  6.961530E-17
8115.44566090202  6.715386E-17
8118.80903155887  6.707541E-17
8122.17240221572  6.703906E-17
8125.53577287257  6.149527E-17
8128.89914352942  6.444901E-17
8132.26251418627  6.887104E-17
8135.62588484312  6.273317E-17
8138.98925549997  6.371885E-17
8142.35262615682  7.040316E-17
8145.71599681366  6.953370E-17
8149.07936747051  6.814750E-17
8152.44273812736  7.262641E-17
8155.80610878421  7.446298E-17
8159.16947944106  6.314215E-17
8162.53285009791  6.109438E-17
8165.89622075476  6.518075E-17
8169.25959141161  6.180357E-17
8172.62296206846  6.302656E-17
8175.9863327253  6.309041E-17
8179.34970338215  5.732016E-17
8182.713074039  5.675193E-17
8186.07644469585  5.956630E-17
8189.4398153527  5.949667E-17
8192.80318600955  6.093858E-17
8196.1665566664  6.047807E-17
8199.52992732324  5.337350E-17
8202.89329798009  5.580019E-17
8206.25666863694  5.852787E-17
8209.62003929379  5.996605E-17
8212.98340995064  6.558217E-17
8216.34678060749  6.310519E-17
8219.71015126434  5.805618E-17
8223.07352192119  6.290608E-17
8226.43689257803  5.962254E-17
8229.80026323488  6.737850E-17
8233.16363389173  6.232202E-17
8236.52700454858  6.028371E-17
8239.89037520543  6.117847E-17
8243.25374586228  6.411971E-17
8246.61711651913  6.307309E-17
8249.98048717598  6.184495E-17
8253.34385783283  5.937426E-17
8256.70722848967  5.358239E-17
8260.07059914652  5.746941E-17
8263.43396980337  5.563537E-17
8266.79734046022  5.928399E-17
8270.16071111707  6.766146E-17
8273.52408177392  6.602795E-17
8276.88745243077  6.001229E-17
8280.25082308762  5.912831E-17
8283.61419374446  5.975514E-17
8286.97756440131  6.094746E-17
8290.34093505816  6.181056E-17
8293.70430571501  6.010846E-17
8297.06767637186  6.446075E-17
8300.43104702871  6.283273E-17
8303.79441768556  6.495410E-17
8307.15778834241  6.324726E-17
8310.52115899926  6.593616E-17
8313.8845296561  6.928073E-17
8317.24790031295  6.142370E-17
8320.6112709698  6.232029E-17
8323.97464162665  7.078038E-17
8327.3380122835  5.990617E-17
8330.70138294035  5.580765E-17
8334.0647535972  6.078254E-17
8337.42812425405  5.851705E-17
8340.79149491089  6.101888E-17
8344.15486556774  6.086688E-17
8347.51823622459  5.433696E-17
8350.88160688144  5.524777E-17
8354.24497753829  5.694160E-17
8357.60834819514  5.511508E-17
8360.97171885199  5.622324E-17
8364.33508950883  5.173899E-17
8367.69846016569  5.591838E-17
8371.06183082253  5.310433E-17
8374.42520147938  6.710236E-17
8377.78857213623  7.736288E-17
8381.15194279308  7.016460E-17
8384.51531344993  6.147915E-17
8387.87868410678  6.043305E-17
8391.24205476363  6.126069E-17
8394.60542542048  6.292763E-17
8397.96879607733  6.452354E-17
8401.33216673417  5.894985E-17
8404.69553739102  5.760768E-17
8408.05890804787  5.842502E-17
8411.42227870472  6.423513E-17
8414.78564936157  6.306819E-17
8418.14902001842  6.005661E-17
8421.51239067526  6.358133E-17
8424.87576133211  6.363942E-17
8428.23913198896  6.121920E-17
8431.60250264581  6.427993E-17
8434.96587330266  5.635814E-17
8438.32924395951  5.454196E-17
8441.69261461636  6.336583E-17
8445.05598527321  6.666931E-17
8448.41935593006  6.154571E-17
8451.7827265869  5.780713E-17
8455.14609724375  6.284407E-17
8458.5094679006  6.136577E-17
8461.87283855745  5.587529E-17
8465.2362092143  6.592644E-17
8468.59957987115  6.178889E-17
8471.962950528  6.686446E-17
8475.32632118485  6.426733E-17
8478.68969184169  6.047420E-17
8482.05306249854  6.079044E-17
8485.41643315539  6.000317E-17
8488.77980381224  6.284075E-17
8492.14317446909  6.532216E-17
8495.50654512594  6.061621E-17
8498.86991578279  5.823503E-17
8502.23328643964  5.412816E-17
8505.59665709649  5.812429E-17
8508.96002775333  5.841526E-17
8512.32339841018  6.006652E-17
8515.68676906703  5.885474E-17
8519.05013972388  5.928039E-17
8522.41351038073  6.590041E-17
8525.77688103758  6.902383E-17
8529.14025169443  6.369070E-17
8532.50362235128  5.708352E-17
8535.86699300812  5.338411E-17
8539.23036366497  5.853886E-17
8542.59373432182  6.110138E-17
8545.95710497867  6.070822E-17
8549.32047563552  6.369741E-17
8552.68384629237  6.511757E-17
8556.04721694922  6.263239E-17
8559.41058760606  6.079508E-17
8562.77395826292  6.276296E-17
8566.13732891976  6.489086E-17
8569.50069957661  5.661393E-17
8572.86407023346  5.813703E-17
8576.22744089031  5.665715E-17
8579.59081154716  5.647075E-17
8582.95418220401  6.394650E-17
8586.31755286086  6.557073E-17
8589.68092351771  5.811698E-17
8593.04429417456  5.645815E-17
8596.4076648314  6.188435E-17
8599.77103548825  6.140882E-17
8603.1344061451  5.713087E-17
8606.49777680195  5.889923E-17
8609.8611474588  6.421512E-17
8613.22451811565  6.308961E-17
8616.5878887725  5.771506E-17
8619.95125942935  5.414374E-17
8623.31463008619  5.421373E-17
8626.67800074304  5.675991E-17
8630.04137139989  6.118144E-17
8633.40474205674  6.440971E-17
8636.76811271359  5.594195E-17
8640.13148337044  5.705008E-17
8643.49485402729  5.891791E-17
8646.85822468413  5.457292E-17
8650.22159534098  5.350370E-17
8653.58496599783  6.139463E-17
8656.94833665468  6.217817E-17
8660.31170731153  5.863517E-17
8663.67507796838  6.944044E-17
8667.03844862523  6.207484E-17
8670.40181928208  6.162979E-17
8673.76518993893  5.266840E-17
8677.12856059577  6.134981E-17
8680.49193125262  6.074139E-17
8683.85530190947  5.848009E-17
8687.21867256632  5.715662E-17
8690.58204322317  4.990708E-17
8693.94541388002  5.952781E-17
8697.30878453687  6.274063E-17
8700.67215519372  6.118626E-17
8704.03552585057  6.070602E-17
8707.39889650741  5.917042E-17
8710.76226716426  5.845778E-17
8714.12563782111  6.079354E-17
8717.48900847796  5.888322E-17
8720.85237913481  5.766484E-17
8724.21574979166  6.183401E-17
8727.57912044851  5.945931E-17
8730.94249110536  6.141798E-17
8734.30586176221  6.209519E-17
8737.66923241906  5.411296E-17
8741.0326030759  5.193601E-17
8744.39597373275  5.823363E-17
8747.7593443896  6.429184E-17
8751.12271504645  6.164501E-17
8754.4860857033  5.607277E-17
8757.84945636015  5.724032E-17
8761.21282701699  5.961406E-17
8764.57619767384  6.888417E-17
8767.93956833069  6.519454E-17
8771.30293898754  5.747297E-17
8774.66630964439  6.144186E-17
8778.02968030124  6.211604E-17
8781.39305095809  6.141760E-17
8784.75642161494  5.692383E-17
8788.11979227179  5.060404E-17
8791.48316292863  6.600570E-17
8794.84653358548  5.812220E-17
8798.20990424233  5.307498E-17
8801.57327489918  5.809123E-17
8804.93664555603  6.700248E-17
8808.30001621288  5.800171E-17
8811.66338686973  5.517243E-17
8815.02675752658  6.403557E-17
8818.39012818342  6.496974E-17
8821.75349884027  6.618758E-17
8825.11686949712  5.338633E-17
8828.48024015397  5.756143E-17
8831.84361081082  5.818547E-17
8835.20698146767  5.406673E-17
8838.57035212452  5.730946E-17
8841.93372278137  5.859820E-17
8845.29709343822  5.254169E-17
8848.66046409507  5.612517E-17
8852.02383475191  6.102831E-17
8855.38720540876  4.885638E-17
8858.75057606561  6.650297E-17
8862.11394672246  5.764158E-17
8865.47731737931  6.255724E-17
8868.84068803616  6.160942E-17
8872.204058693  5.876831E-17
8875.56742934985  6.242956E-17
8878.9308000067  5.927312E-17
8882.29417066355  5.868472E-17
8885.6575413204  6.058267E-17
8889.02091197725  5.107663E-17
8892.3842826341  5.549233E-17
8895.74765329095  5.962565E-17
8899.1110239478  6.115025E-17
8902.47439460464  6.551834E-17
8905.83776526149  6.098702E-17
8909.20113591834  5.065350E-17
8912.56450657519  5.033850E-17
8915.92787723204  5.105853E-17
8919.29124788889  5.240709E-17
8922.65461854574  5.964115E-17
8926.01798920259  6.278921E-17
8929.38135985944  5.171597E-17
8932.74473051629  4.811530E-17
8936.10810117313  4.970359E-17
8939.47147182998  5.579719E-17
8942.83484248683  6.915551E-17
8946.19821314368  6.246914E-17
8949.56158380053  5.417072E-17
8952.92495445738  5.308448E-17
8956.28832511423  5.564983E-17
8959.65169577108  5.537077E-17
8963.01506642792  4.769230E-17
8966.37843708477  4.518874E-17
8969.74180774162  5.017903E-17
8973.10517839847  5.162539E-17
8976.46854905532  5.075580E-17
8979.83191971217  4.923235E-17
8983.19529036902  6.206646E-17
8986.55866102586  5.136568E-17
8989.92203168271  4.390784E-17
8993.28540233956  4.793397E-17
8996.64877299641  4.824738E-17
9000.01214365326  4.666726E-17
9003.37551431011  4.889179E-17
9006.73888496696  4.860155E-17
9010.10225562381  4.369221E-17
9013.46562628066  4.176557E-17
9016.8289969375  3.920309E-17
9020.19236759435  4.145990E-17
9023.5557382512  4.941523E-17
9026.91910890805  5.405480E-17
9030.2824795649  4.722573E-17
9033.64585022175  4.015140E-17
9037.0092208786  4.788495E-17
9040.37259153545  5.028445E-17
9043.7359621923  4.605996E-17
9047.09933284915  4.327005E-17
9050.46270350599  4.537611E-17
9053.82607416284  4.660169E-17
9057.18944481969  4.486148E-17
9060.55281547654  4.284186E-17
9063.91618613339  4.374149E-17
9067.27955679024  4.914388E-17
9070.64292744709  5.115698E-17
9074.00629810394  4.883413E-17
9077.36966876078  4.023794E-17
9080.73303941763  4.230879E-17
9084.09641007448  4.703467E-17
9087.45978073133  4.601853E-17
9090.82315138818  4.749904E-17
9094.18652204503  4.772816E-17
9097.54989270188  3.977021E-17
9100.91326335872  3.887920E-17
9104.27663401557  4.368652E-17
9107.64000467242  4.260211E-17
9111.00337532927  4.498955E-17
9114.36674598612  4.591180E-17
9117.73011664297  3.786433E-17
9121.09348729982  3.524151E-17
9124.45685795667  4.260742E-17
9127.82022861352  4.153048E-17
9131.18359927036  4.209671E-17
9134.54696992721  4.475992E-17
9137.91034058406  4.242385E-17
9141.27371124091  4.281964E-17
9144.63708189776  4.280178E-17
9148.00045255461  4.173102E-17
9151.36382321146  4.341543E-17
9154.72719386831  4.154286E-17
9158.09056452515  4.387031E-17
9161.453935182  4.153332E-17
9164.81730583885  3.645722E-17
9168.1806764957  4.020474E-17
9171.54404715255  4.045802E-17
9174.9074178094  3.943856E-17
9178.27078846625  3.909151E-17
9181.6341591231  3.342084E-17
9184.99752977995  4.034652E-17
9188.3609004368  4.560949E-17
9191.72427109364  4.149288E-17
9195.08764175049  4.135761E-17
9198.45101240734  4.126662E-17
9201.81438306419  3.932263E-17
9205.17775372104  3.822473E-17
9208.54112437789  3.633127E-17
9211.90449503473  3.747342E-17
9215.26786569158  4.457827E-17
9218.63123634843  4.398440E-17
9221.99460700528  4.149943E-17
9225.35797766213  4.398520E-17
9228.72134831898  4.417444E-17
9232.08471897583  4.197467E-17
9235.44808963268  4.242872E-17
9238.81146028953  4.517764E-17
9242.17483094638  4.775896E-17
9245.53820160323  4.209264E-17
9248.90157226007  3.798743E-17
9252.26494291692  4.310856E-17
9255.62831357377  4.147728E-17
9258.99168423062  4.374437E-17
9262.35505488747  4.732148E-17
9265.71842554432  4.018107E-17
9269.08179620117  3.903127E-17
9272.44516685801  4.113092E-17
9275.80853751486  4.179521E-17
9279.17190817171  4.458893E-17
9282.53527882856  4.517702E-17
9285.89864948541  3.979703E-17
9289.26202014226  3.774785E-17
9292.62539079911  3.949286E-17
9295.98876145596  3.804092E-17
9299.3521321128  4.123758E-17
9302.71550276965  4.350556E-17
9306.0788734265  4.260678E-17
9309.44224408335  4.193582E-17
9312.8056147402  4.241070E-17
9316.16898539705  3.924390E-17
9319.5323560539  3.788496E-17
9322.89572671075  3.908505E-17
9326.25909736759  3.438004E-17
9329.62246802444  3.809750E-17
9332.98583868129  3.508626E-17
9336.34920933814  3.355282E-17
9339.71257999499  2.517110E-17
9343.07595065184  2.546943E-17
9346.43932130869  3.079026E-17
9349.80269196554  2.868708E-17
9353.16606262238  3.353804E-17
9356.52943327923  3.221322E-17
9359.89280393608  1.784432E-17
9363.25617459293  3.057505E-17
9366.61954524978  2.994256E-17
9369.98291590663  1.750294E-17
9373.34628656348  1.682031E-17
9376.70965722033  1.967632E-17
9380.07302787718  2.198195E-17
9383.43639853403  3.130130E-17
9386.79976919087  2.845576E-17
9390.16313984772  1.803686E-17
9393.52651050457  2.020994E-17
9396.88988116142  1.406944E-17
9400.25325181827  6.497948E-18
9403.61662247512  1.636127E-17
9406.97999313197  2.748315E-17
9410.34336378881  3.279155E-17
9413.70673444566  4.325364E-17
9417.07010510251  3.529476E-17
9420.43347575936  2.166890E-17
9423.79684641621  2.783421E-17
9427.16021707306  3.550157E-17
9430.52358772991  3.335515E-17
9433.88695838676  3.315948E-17
9437.25032904361  2.860853E-17
9440.61369970046  2.699060E-17
9443.9770703573  3.199355E-17
9447.34044101415  3.122938E-17
9450.703811671  3.100257E-17
9454.06718232785  2.753384E-17
9457.4305529847  2.118778E-17
9460.79392364155  2.145822E-17
9464.1572942984  2.453952E-17
9467.52066495524  2.977904E-17
9470.88403561209  3.360636E-17
9474.24740626894  2.747101E-17
9477.61077692579  2.372592E-17
9480.97414758264  2.240518E-17
9484.33751823949  1.986789E-17
9487.70088889634  2.470777E-17
9491.06425955319  3.289106E-17
9494.42763021004  2.819284E-17
9497.79100086688  2.889414E-17
9501.15437152373  3.081980E-17
9504.51774218058  2.887331E-17
9507.88111283743  3.024277E-17
9511.24448349428  3.126984E-17
9514.60785415113  2.899987E-17
9517.97122480798  3.218020E-17
9521.33459546483  2.985228E-17
9524.69796612167  2.393298E-17
9528.06133677852  1.612173E-17
9531.42470743537  1.977844E-17
9534.78807809222  2.314133E-17
9538.15144874907  2.214667E-17
9541.51481940592  2.823387E-17
9544.87819006277  3.207258E-17
9548.24156071961  2.742048E-17
9551.60493137646  2.326091E-17
9554.96830203331  2.816242E-17
9558.33167269016  2.979528E-17
9561.69504334701  3.079890E-17
9565.05841400386  2.877150E-17
9568.42178466071  2.165912E-17
9571.78515531756  2.679659E-17
9575.14852597441  2.980657E-17
9578.51189663126  2.708201E-17
9581.8752672881  2.559353E-17
9585.23863794495  2.635093E-17
9588.6020086018  2.573328E-17
9591.96537925865  2.795539E-17
9595.3287499155  3.023586E-17
9598.69212057235  2.283149E-17
9602.0554912292  2.708135E-17
9605.41886188604  3.298323E-17
9608.78223254289  3.018439E-17
9612.14560319974  2.703222E-17
9615.50897385659  2.619044E-17
9618.87234451344  2.408709E-17
9622.23571517029  2.697734E-17
9625.59908582714  3.365106E-17
9628.96245648399  2.361918E-17
9632.32582714084  2.427122E-17
9635.68919779769  2.943005E-17
9639.05256845454  2.782385E-17
9642.41593911138  2.259400E-17
9645.77930976823  2.206524E-17
9649.14268042508  2.489854E-17
9652.50605108193  2.131981E-17
9655.86942173878  2.610926E-17
9659.23279239563  3.096961E-17
9662.59616305247  2.470664E-17
9665.95953370932  1.848672E-17
9669.32290436617  2.090034E-17
9672.68627502302  2.418738E-17
9676.04964567987  2.498448E-17
9679.41301633672  2.669799E-17
9682.77638699357  2.330497E-17
9686.13975765042  2.167090E-17
9689.50312830727  2.593895E-17
9692.86649896411  2.330091E-17
9696.22986962096  1.818692E-17
9699.59324027781  2.505795E-17
9702.95661093466  2.954074E-17
