#z 0.071
3385.67834159 4.0291e-15
3389.05408593 3.08984e-15
3392.42983027 1.19695e-15
3395.80557461 2.25424e-16
3399.18131895 -9.30773e-16
3402.55706329 3.93662e-16
3405.93280763 -2.44696e-16
3409.30855197 3.17804e-15
3412.68429631 4.32678e-15
3416.06004065 2.43189e-15
3419.43578499 1.82314e-15
3422.81152933 4.39048e-15
3426.18727367 3.45825e-15
3429.56301801 2.9348e-15
3432.93876235 2.17812e-15
3436.31450669 1.15224e-15
3439.69025103 3.28542e-15
3443.06599538 1.81763e-15
3446.44173972 1.67552e-15
3449.81748406 1.72587e-15
3453.1932284 2.70668e-15
3456.56897274 2.20822e-15
3459.94471708 3.23673e-15
3463.32046142 8.66958e-16
3466.69620576 1.43052e-15
3470.0719501 2.55585e-15
3473.44769444 3.64648e-15
3476.82343878 3.5988e-15
3480.19918312 4.88702e-15
3483.57492746 2.93747e-15
3486.9506718 2.27658e-15
3490.32641614 4.8145e-15
3493.70216048 3.4894e-15
3497.07790482 3.51863e-15
3500.45364916 4.49872e-15
3503.8293935 -1.16024e-17
3507.20513784 2.00384e-15
3510.58088218 1.65475e-15
3513.95662652 2.32566e-15
3517.33237087 3.28798e-15
3520.70811521 1.92943e-15
3524.08385955 3.12834e-15
3527.45960389 1.38736e-15
3530.83534823 2.96002e-15
3534.21109257 3.1195e-15
3537.58683691 2.99756e-15
3540.96258125 3.22523e-15
3544.33832559 3.01886e-15
3547.71406993 2.52487e-15
3551.08981427 3.01872e-15
3554.46555861 3.38169e-15
3557.84130295 3.07848e-15
3561.21704729 1.80209e-15
3564.59279163 1.2316e-15
3567.96853597 1.96373e-15
3571.34428031 1.9278e-15
3574.72002465 2.32527e-15
3578.09576899 7.87022e-16
3581.47151333 2.17345e-15
3584.84725767 2.15725e-15
3588.22300201 2.49123e-15
3591.59874636 2.25909e-15
3594.9744907 2.18378e-15
3598.35023504 2.55202e-15
3601.72597938 2.55891e-15
3605.10172372 1.87466e-15
3608.47746806 1.85023e-15
3611.8532124 2.02719e-15
3615.22895674 2.36729e-15
3618.60470108 2.10097e-15
3621.98044542 2.32589e-15
3625.35618976 2.48286e-15
3628.7319341 1.80861e-15
3632.10767844 2.31228e-15
3635.48342278 2.29346e-15
3638.85916712 1.67359e-15
3642.23491146 1.44085e-15
3645.6106558 2.3448e-15
3648.98640014 2.47324e-15
3652.36214448 2.72263e-15
3655.73788882 2.92412e-15
3659.11363316 1.9184e-15
3662.4893775 2.21852e-15
3665.86512185 1.35729e-15
3669.24086619 2.23378e-15
3672.61661053 2.63076e-15
3675.99235487 3.25973e-15
3679.36809921 3.78831e-15
3682.74384355 2.5577e-15
3686.11958789 1.93811e-15
3689.49533223 2.00785e-15
3692.87107657 2.66832e-15
3696.24682091 2.44202e-15
3699.62256525 2.4702e-15
3702.99830959 2.46926e-15
3706.37405393 2.1398e-15
3709.74979827 2.13071e-15
3713.12554261 2.18283e-15
3716.50128695 2.61879e-15
3719.87703129 2.00679e-15
3723.25277563 2.3402e-15
3726.62851997 2.24909e-15
3730.00426431 2.12978e-15
3733.38000865 2.82494e-15
3736.75575299 2.63004e-15
3740.13149734 1.85645e-15
3743.50724168 2.0126e-15
3746.88298602 2.18908e-15
3750.25873036 2.24441e-15
3753.6344747 2.0756e-15
3757.01021904 1.89213e-15
3760.38596338 2.19723e-15
3763.76170772 1.87393e-15
3767.13745206 1.67351e-15
3770.5131964 1.67802e-15
3773.88894074 1.75595e-15
3777.26468508 2.19169e-15
3780.64042942 1.74608e-15
3784.01617376 1.35451e-15
3787.3919181 1.68796e-15
3790.76766244 2.25414e-15
3794.14340678 1.71191e-15
3797.51915112 1.55692e-15
3800.89489546 1.66274e-15
3804.2706398 1.83671e-15
3807.64638414 1.66979e-15
3811.02212848 2.12251e-15
3814.39787283 1.63201e-15
3817.77361717 1.91134e-15
3821.14936151 1.82973e-15
3824.52510585 2.01067e-15
3827.90085019 1.78307e-15
3831.27659453 1.71771e-15
3834.65233887 2.13805e-15
3838.02808321 2.16659e-15
3841.40382755 2.09566e-15
3844.77957189 2.1602e-15
3848.15531623 2.06222e-15
3851.53106057 1.814e-15
3854.90680491 1.73484e-15
3858.28254925 2.13797e-15
3861.65829359 2.19686e-15
3865.03403793 2.0849e-15
3868.40978227 1.74505e-15
3871.78552661 1.95558e-15
3875.16127095 2.0988e-15
3878.53701529 1.72812e-15
3881.91275963 1.89512e-15
3885.28850397 2.08477e-15
3888.66424832 1.47737e-15
3892.03999266 1.53743e-15
3895.415737 1.64711e-15
3898.79148134 1.90996e-15
3902.16722568 1.97318e-15
3905.54297002 1.89993e-15
3908.91871436 1.90655e-15
3912.2944587 1.84133e-15
3915.67020304 1.84142e-15
3919.04594738 1.73406e-15
3922.42169172 1.99216e-15
3925.79743606 1.9026e-15
3929.1731804 1.66724e-15
3932.54892474 1.88226e-15
3935.92466908 2.20206e-15
3939.30041342 2.12178e-15
3942.67615776 2.00068e-15
3946.0519021 1.82975e-15
3949.42764644 1.66046e-15
3952.80339078 1.90441e-15
3956.17913512 1.76558e-15
3959.55487946 1.60864e-15
3962.93062381 1.81766e-15
3966.30636815 1.86345e-15
3969.68211249 1.86671e-15
3973.05785683 1.69926e-15
3976.43360117 1.73662e-15
3979.80934551 1.93338e-15
3983.18508985 1.66584e-15
3986.56083419 1.47968e-15
3989.93657853 1.68052e-15
3993.31232287 1.86287e-15
3996.68806721 1.79115e-15
4000.06381155 1.75262e-15
4003.43955589 1.63184e-15
4006.81530023 1.71045e-15
4010.19104457 1.83764e-15
4013.56678891 1.85012e-15
4016.94253325 1.75637e-15
4020.31827759 1.63071e-15
4023.69402193 1.80727e-15
4027.06976627 1.85888e-15
4030.44551061 1.55803e-15
4033.82125495 1.68552e-15
4037.1969993 1.59973e-15
4040.57274364 1.70713e-15
4043.94848798 1.74556e-15
4047.32423232 1.69773e-15
4050.69997666 1.67747e-15
4054.075721 1.71842e-15
4057.45146534 1.71834e-15
4060.82720968 1.69546e-15
4064.20295402 1.78194e-15
4067.57869836 1.61757e-15
4070.9544427 1.60849e-15
4074.33018704 1.61516e-15
4077.70593138 1.84078e-15
4081.08167572 1.68175e-15
4084.45742006 1.51529e-15
4087.8331644 1.40495e-15
4091.20890874 1.53074e-15
4094.58465308 1.61315e-15
4097.96039742 1.57848e-15
4101.33614176 1.39324e-15
4104.7118861 1.51184e-15
4108.08763044 1.67771e-15
4111.46337479 1.67534e-15
4114.83911913 1.68478e-15
4118.21486347 1.58156e-15
4121.59060781 1.60067e-15
4124.96635215 1.62241e-15
4128.34209649 1.54745e-15
4131.71784083 1.57383e-15
4135.09358517 1.49641e-15
4138.46932951 1.52251e-15
4141.84507385 1.55088e-15
4145.22081819 1.51345e-15
4148.59656253 1.60352e-15
4151.97230687 1.62591e-15
4155.34805121 1.53989e-15
4158.72379555 1.5612e-15
4162.09953989 1.53182e-15
4165.47528423 1.48118e-15
4168.85102857 1.35868e-15
4172.22677291 1.51406e-15
4175.60251725 1.62592e-15
4178.97826159 1.63446e-15
4182.35400593 1.60351e-15
4185.72975028 1.63757e-15
4189.10549462 1.5183e-15
4192.48123896 1.48813e-15
4195.8569833 1.50978e-15
4199.23272764 1.59195e-15
4202.60847198 1.48729e-15
4205.98421632 1.48456e-15
4209.35996066 1.53909e-15
4212.735705 1.52451e-15
4216.11144934 1.56568e-15
4219.48719368 1.44663e-15
4222.86293802 1.53013e-15
4226.23868236 1.49556e-15
4229.6144267 1.37193e-15
4232.99017104 1.32923e-15
4236.36591538 1.46587e-15
4239.74165972 1.37638e-15
4243.11740406 1.39792e-15
4246.4931484 1.27774e-15
4249.86889274 1.37295e-15
4253.24463708 1.32747e-15
4256.62038142 1.46863e-15
4259.99612577 1.41489e-15
4263.37187011 1.31109e-15
4266.74761445 1.43411e-15
4270.12335879 1.45226e-15
4273.49910313 1.52006e-15
4276.87484747 1.55144e-15
4280.25059181 1.46854e-15
4283.62633615 1.35549e-15
4287.00208049 1.36091e-15
4290.37782483 1.48935e-15
4293.75356917 1.409e-15
4297.12931351 1.34778e-15
4300.50505785 1.34561e-15
4303.88080219 1.45432e-15
4307.25654653 1.42217e-15
4310.63229087 1.32049e-15
4314.00803521 1.46434e-15
4317.38377955 1.37108e-15
4320.75952389 1.44255e-15
4324.13526823 1.46238e-15
4327.51101257 1.3133e-15
4330.88675691 1.2803e-15
4334.26250126 1.35123e-15
4337.6382456 1.33592e-15
4341.01398994 1.26479e-15
4344.38973428 1.3103e-15
4347.76547862 1.30846e-15
4351.14122296 1.47327e-15
4354.5169673 1.4351e-15
4357.89271164 1.39431e-15
4361.26845598 1.32937e-15
4364.64420032 1.31337e-15
4368.01994466 1.34553e-15
4371.395689 1.36553e-15
4374.77143334 1.35725e-15
4378.14717768 1.26933e-15
4381.52292202 1.32859e-15
4384.89866636 1.36351e-15
4388.2744107 1.34089e-15
4391.65015504 1.29745e-15
4395.02589938 1.32894e-15
4398.40164372 1.28064e-15
4401.77738806 1.23128e-15
4405.1531324 1.19514e-15
4408.52887675 1.20057e-15
4411.90462109 1.19015e-15
4415.28036543 1.27784e-15
4418.65610977 1.38117e-15
4422.03185411 1.22448e-15
4425.40759845 1.35544e-15
4428.78334279 1.32799e-15
4432.15908713 1.30856e-15
4435.53483147 1.32252e-15
4438.91057581 1.267e-15
4442.28632015 1.25141e-15
4445.66206449 1.20106e-15
4449.03780883 1.22381e-15
4452.41355317 1.18819e-15
4455.78929751 1.15806e-15
4459.16504185 1.20034e-15
4462.54078619 1.13815e-15
4465.91653053 1.17113e-15
4469.29227487 1.26977e-15
4472.66801921 1.23837e-15
4476.04376355 1.18935e-15
4479.41950789 1.23929e-15
4482.79525224 1.23976e-15
4486.17099658 1.30566e-15
4489.54674092 1.27751e-15
4492.92248526 1.2551e-15
4496.2982296 1.18621e-15
4499.67397394 1.1014e-15
4503.04971828 1.21538e-15
4506.42546262 1.16451e-15
4509.80120696 1.16899e-15
4513.1769513 1.15778e-15
4516.55269564 1.12975e-15
4519.92843998 1.18569e-15
4523.30418432 1.14386e-15
4526.67992866 1.2074e-15
4530.055673 1.26787e-15
4533.43141734 1.15162e-15
4536.80716168 1.10438e-15
4540.18290602 1.28115e-15
4543.55865036 1.28177e-15
4546.9343947 1.20026e-15
4550.31013904 1.13137e-15
4553.68588338 1.21934e-15
4557.06162773 1.33426e-15
4560.43737207 1.15758e-15
4563.81311641 1.25359e-15
4567.18886075 1.17096e-15
4570.56460509 1.2236e-15
4573.94034943 1.22124e-15
4577.31609377 1.22794e-15
4580.69183811 1.1616e-15
4584.06758245 1.08519e-15
4587.44332679 1.20646e-15
4590.81907113 1.29582e-15
4594.19481547 1.19621e-15
4597.57055981 1.20873e-15
4600.94630415 1.19744e-15
4604.32204849 1.12413e-15
4607.69779283 1.14847e-15
4611.07353717 1.17565e-15
4614.44928151 1.23274e-15
4617.82502585 1.15655e-15
4621.20077019 1.22643e-15
4624.57651453 1.2759e-15
4627.95225887 1.26181e-15
4631.32800322 1.15712e-15
4634.70374756 1.18359e-15
4638.0794919 1.21386e-15
4641.45523624 1.19453e-15
4644.83098058 1.21006e-15
4648.20672492 1.21076e-15
4651.58246926 1.19252e-15
4654.9582136 1.22314e-15
4658.33395794 1.23795e-15
4661.70970228 1.25984e-15
4665.08544662 1.2124e-15
4668.46119096 1.33256e-15
4671.8369353 1.27706e-15
4675.21267964 1.21073e-15
4678.58842398 1.12485e-15
4681.96416832 1.29081e-15
4685.33991266 1.26487e-15
4688.715657 1.16932e-15
4692.09140134 1.1376e-15
4695.46714568 1.19579e-15
4698.84289002 1.2188e-15
4702.21863436 1.2033e-15
4705.59437871 1.1211e-15
4708.97012305 1.16831e-15
4712.34586739 1.19209e-15
4715.72161173 1.16428e-15
4719.09735607 1.25431e-15
4722.47310041 1.21835e-15
4725.84884475 1.19948e-15
4729.22458909 1.14221e-15
4732.60033343 1.09447e-15
4735.97607777 1.1136e-15
4739.35182211 1.14157e-15
4742.72756645 1.10753e-15
4746.10331079 1.13292e-15
4749.47905513 1.14997e-15
4752.85479947 1.12469e-15
4756.23054381 1.15729e-15
4759.60628815 1.13263e-15
4762.98203249 1.10993e-15
4766.35777683 1.14777e-15
4769.73352117 1.08071e-15
4773.10926551 1.0697e-15
4776.48500985 1.10605e-15
4779.8607542 1.09198e-15
4783.23649854 1.09722e-15
4786.61224288 1.11949e-15
4789.98798722 1.13013e-15
4793.36373156 1.08152e-15
4796.7394759 1.12473e-15
4800.11522024 1.14954e-15
4803.49096458 1.12755e-15
4806.86670892 1.1502e-15
4810.24245326 1.08524e-15
4813.6181976 1.16223e-15
4816.99394194 1.08499e-15
4820.36968628 1.09226e-15
4823.74543062 1.09188e-15
4827.12117496 1.09903e-15
4830.4969193 1.05911e-15
4833.87266364 1.10892e-15
4837.24840798 1.10505e-15
4840.62415232 1.04023e-15
4843.99989666 1.06099e-15
4847.375641 1.08829e-15
4850.75138534 1.04641e-15
4854.12712969 1.07857e-15
4857.50287403 1.06657e-15
4860.87861837 1.10069e-15
4864.25436271 1.06121e-15
4867.63010705 1.08002e-15
4871.00585139 1.05313e-15
4874.38159573 1.02748e-15
4877.75734007 1.03764e-15
4881.13308441 1.06737e-15
4884.50882875 1.11114e-15
4887.88457309 1.04129e-15
4891.26031743 1.03843e-15
4894.63606177 1.03314e-15
4898.01180611 1.0309e-15
4901.38755045 1.02042e-15
4904.76329479 1.06025e-15
4908.13903913 1.07181e-15
4911.51478347 1.02937e-15
4914.89052781 1.06076e-15
4918.26627215 1.0372e-15
4921.64201649 9.77622e-16
4925.01776083 1.03901e-15
4928.39350518 1.05475e-15
4931.76924952 1.02526e-15
4935.14499386 1.01068e-15
4938.5207382 1.00223e-15
4941.89648254 9.75885e-16
4945.27222688 9.84144e-16
4948.64797122 1.08236e-15
4952.02371556 1.06511e-15
4955.3994599 1.00829e-15
4958.77520424 1.07752e-15
4962.15094858 1.04626e-15
4965.52669292 1.01615e-15
4968.90243726 1.0651e-15
4972.2781816 1.01986e-15
4975.65392594 1.01469e-15
4979.02967028 1.01913e-15
4982.40541462 1.04809e-15
4985.78115896 1.0464e-15
4989.1569033 1.04697e-15
4992.53264764 1.0687e-15
4995.90839198 1.06316e-15
4999.28413632 1.02162e-15
5002.65988067 1.02185e-15
5006.03562501 1.00698e-15
5009.41136935 1.0273e-15
5012.78711369 1.06457e-15
5016.16285803 1.031e-15
5019.53860237 1.04627e-15
5022.91434671 1.01767e-15
5026.29009105 9.94727e-16
5029.66583539 9.48902e-16
5033.04157973 1.00384e-15
5036.41732407 1.01909e-15
5039.79306841 1.02243e-15
5043.16881275 1.05163e-15
5046.54455709 1.03921e-15
5049.92030143 1.06566e-15
5053.29604577 1.01461e-15
5056.67179011 9.94837e-16
5060.04753445 1.00802e-15
5063.42327879 1.03228e-15
5066.79902313 1.03074e-15
5070.17476747 1.06247e-15
5073.55051181 1.04576e-15
5076.92625616 1.04181e-15
5080.3020005 1.06241e-15
5083.67774484 1.05292e-15
5087.05348918 1.05837e-15
5090.42923352 9.87515e-16
5093.80497786 9.70164e-16
5097.1807222 1.02863e-15
5100.55646654 1.05189e-15
5103.93221088 1.10506e-15
5107.30795522 1.07965e-15
5110.68369956 1.05008e-15
5114.0594439 1.06077e-15
5117.43518824 1.09037e-15
5120.81093258 1.08134e-15
5124.18667692 1.07533e-15
5127.56242126 1.07904e-15
5130.9381656 1.11393e-15
5134.31390994 1.03453e-15
5137.68965428 1.05469e-15
5141.06539862 1.09122e-15
5144.44114296 1.08902e-15
5147.8168873 1.06894e-15
5151.19263165 1.05794e-15
5154.56837599 1.02684e-15
5157.94412033 1.03841e-15
5161.31986467 1.08599e-15
5164.69560901 1.05903e-15
5168.07135335 1.10422e-15
5171.44709769 1.09289e-15
5174.82284203 1.09135e-15
5178.19858637 1.06408e-15
5181.57433071 1.05227e-15
5184.95007505 1.09138e-15
5188.32581939 1.12174e-15
5191.70156373 1.06792e-15
5195.07730807 1.11657e-15
5198.45305241 1.07471e-15
5201.82879675 1.05314e-15
5205.20454109 1.0351e-15
5208.58028543 1.0603e-15
5211.95602977 1.05324e-15
5215.33177411 1.07298e-15
5218.70751845 1.08291e-15
5222.08326279 1.1072e-15
5225.45900714 1.06229e-15
5228.83475148 1.07906e-15
5232.21049582 1.11129e-15
5235.58624016 1.1076e-15
5238.9619845 1.06551e-15
5242.33772884 1.08007e-15
5245.71347318 1.05538e-15
5249.08921752 1.07292e-15
5252.46496186 1.10544e-15
5255.8407062 1.09752e-15
5259.21645054 1.09914e-15
5262.59219488 1.10615e-15
5265.96793922 1.05814e-15
5269.34368356 1.07549e-15
5272.7194279 1.11251e-15
5276.09517224 1.03953e-15
5279.47091658 1.03859e-15
5282.84666092 1.04777e-15
5286.22240526 1.05898e-15
5289.5981496 1.05916e-15
5292.97389394 1.00519e-15
5296.34963828 9.80164e-16
5299.72538263 9.94579e-16
5303.10112697 1.01389e-15
5306.47687131 1.00158e-15
5309.85261565 9.84522e-16
5313.22835999 1.01585e-15
5316.60410433 1.03602e-15
5319.97984867 9.82676e-16
5323.35559301 9.6508e-16
5326.73133735 9.9505e-16
5330.10708169 9.78515e-16
5333.48282603 9.59439e-16
5336.85857037 9.86952e-16
5340.23431471 9.90913e-16
5343.61005905 1.00391e-15
5346.98580339 9.88409e-16
5350.36154773 9.50126e-16
5353.73729207 9.5971e-16
5357.11303641 9.59448e-16
5360.48878075 9.51687e-16
5363.86452509 9.5597e-16
5367.24026943 8.87531e-16
5370.61601377 9.76076e-16
5373.99175812 9.61028e-16
5377.36750246 9.52176e-16
5380.7432468 9.53477e-16
5384.11899114 9.29665e-16
5387.49473548 9.24171e-16
5390.87047982 9.16657e-16
5394.24622416 9.33152e-16
5397.6219685 9.13363e-16
5400.99771284 8.96707e-16
5404.37345718 9.55914e-16
5407.74920152 9.15022e-16
5411.12494586 9.27294e-16
5414.5006902 9.43752e-16
5417.87643454 9.21013e-16
5421.25217888 9.58178e-16
5424.62792322 9.72787e-16
5428.00366756 9.18593e-16
5431.3794119 9.13035e-16
5434.75515624 9.07177e-16
5438.13090058 8.77817e-16
5441.50664492 9.27786e-16
5444.88238926 9.20891e-16
5448.25813361 9.20618e-16
5451.63387795 9.31307e-16
5455.00962229 9.28355e-16
5458.38536663 9.00765e-16
5461.76111097 9.05767e-16
5465.13685531 8.92652e-16
5468.51259965 8.9014e-16
5471.88834399 9.0952e-16
5475.26408833 9.34391e-16
5478.63983267 8.87462e-16
5482.01557701 9.06709e-16
5485.39132135 9.13326e-16
5488.76706569 9.23993e-16
5492.14281003 9.28042e-16
5495.51855437 8.92294e-16
5498.89429871 8.88026e-16
5502.27004305 8.85376e-16
5505.64578739 8.77551e-16
5509.02153173 8.66863e-16
5512.39727607 8.6608e-16
5515.77302041 8.87132e-16
5519.14876475 8.9204e-16
5522.5245091 8.75754e-16
5525.90025344 8.98589e-16
5529.27599778 8.85526e-16
5532.65174212 8.67537e-16
5536.02748646 8.90301e-16
5539.4032308 8.24356e-16
5542.77897514 8.07622e-16
5546.15471948 8.65142e-16
5549.53046382 8.56788e-16
5552.90620816 8.59091e-16
5556.2819525 8.71096e-16
5559.65769684 8.38865e-16
5563.03344118 8.03355e-16
5566.40918552 8.66878e-16
5569.78492986 9.13486e-16
5573.1606742 8.67141e-16
5576.53641854 8.61306e-16
5579.91216288 8.46941e-16
5583.28790722 8.45047e-16
5586.66365156 8.28469e-16
5590.0393959 8.37729e-16
5593.41514024 8.51709e-16
5596.79088459 8.32601e-16
5600.16662893 8.20278e-16
5603.54237327 8.44118e-16
5606.91811761 8.72646e-16
5610.29386195 8.71204e-16
5613.66960629 8.24706e-16
5617.04535063 8.24205e-16
5620.42109497 8.36335e-16
5623.79683931 8.42615e-16
5627.17258365 8.56396e-16
5630.54832799 8.49981e-16
5633.92407233 8.6122e-16
5637.29981667 8.1727e-16
5640.67556101 7.99794e-16
5644.05130535 8.0538e-16
5647.42704969 8.09684e-16
5650.80279403 8.28196e-16
5654.17853837 8.25109e-16
5657.55428271 8.30759e-16
5660.93002705 8.30094e-16
5664.30577139 8.53385e-16
5667.68151573 8.48226e-16
5671.05726008 8.14711e-16
5674.43300442 7.9992e-16
5677.80874876 8.35614e-16
5681.1844931 8.28492e-16
5684.56023744 8.02121e-16
5687.93598178 7.95917e-16
5691.31172612 7.84746e-16
5694.68747046 7.96194e-16
5698.0632148 8.33271e-16
5701.43895914 8.12966e-16
5704.81470348 8.0865e-16
5708.19044782 7.84139e-16
5711.56619216 7.81086e-16
5714.9419365 7.97199e-16
5718.31768084 8.00372e-16
5721.69342518 7.8759e-16
5725.06916952 8.14936e-16
5728.44491386 8.11845e-16
5731.8206582 7.70375e-16
5735.19640254 8.05608e-16
5738.57214688 8.32775e-16
5741.94789122 7.88723e-16
5745.32363557 8.08526e-16
5748.69937991 8.0806e-16
5752.07512425 8.01379e-16
5755.45086859 7.48033e-16
5758.82661293 7.64496e-16
5762.20235727 7.78586e-16
5765.57810161 7.9453e-16
5768.95384595 7.78041e-16
5772.32959029 7.75883e-16
5775.70533463 7.77739e-16
5779.08107897 7.56791e-16
5782.45682331 7.63405e-16
5785.83256765 7.79937e-16
5789.20831199 7.6587e-16
5792.58405633 7.4391e-16
5795.95980067 7.80799e-16
5799.33554501 7.37886e-16
5802.71128935 7.40016e-16
5806.08703369 7.72989e-16
5809.46277803 7.63966e-16
5812.83852237 7.7055e-16
5816.21426671 7.40433e-16
5819.59001106 7.5655e-16
5822.9657554 7.46763e-16
5826.34149974 7.33232e-16
5829.71724408 7.34826e-16
5833.09298842 7.61869e-16
5836.46873276 7.39204e-16
5839.8444771 7.68271e-16
5843.22022144 7.60091e-16
5846.59596578 7.41148e-16
5849.97171012 7.2313e-16
5853.34745446 7.5558e-16
5856.7231988 7.70328e-16
5860.09894314 7.68458e-16
5863.47468748 7.56982e-16
5866.85043182 7.11509e-16
5870.22617616 7.42398e-16
5873.6019205 7.2747e-16
5876.97766484 7.08484e-16
5880.35340918 7.51236e-16
5883.72915352 7.50159e-16
5887.10489786 7.44326e-16
5890.4806422 7.51588e-16
5893.85638655 7.20619e-16
5897.23213089 7.24366e-16
5900.60787523 7.33202e-16
5903.98361957 7.2824e-16
5907.35936391 7.18376e-16
5910.73510825 7.43632e-16
5914.11085259 7.69605e-16
5917.48659693 7.42439e-16
5920.86234127 7.32357e-16
5924.23808561 7.46487e-16
5927.61382995 7.33695e-16
5930.98957429 7.30527e-16
5934.36531863 7.30298e-16
5937.74106297 7.39679e-16
5941.11680731 7.47891e-16
5944.49255165 7.05616e-16
5947.86829599 7.31337e-16
5951.24404033 7.56735e-16
5954.61978467 7.43669e-16
5957.99552901 7.3645e-16
5961.37127335 7.21683e-16
5964.74701769 7.49142e-16
5968.12276204 7.7872e-16
5971.49850638 7.43008e-16
5974.87425072 7.19076e-16
5978.24999506 7.29743e-16
5981.6257394 7.11193e-16
5985.00148374 7.01158e-16
5988.37722808 7.1324e-16
5991.75297242 7.07965e-16
5995.12871676 6.91318e-16
5998.5044611 6.87881e-16
6001.88020544 7.14657e-16
6005.25594978 7.50612e-16
6008.63169412 7.28211e-16
6012.00743846 6.92757e-16
6015.3831828 7.31188e-16
6018.75892714 7.34922e-16
6022.13467148 7.14219e-16
6025.51041582 7.20964e-16
6028.88616016 7.32263e-16
6032.2619045 7.32496e-16
6035.63764884 7.27012e-16
6039.01339318 7.10095e-16
6042.38913753 7.05798e-16
6045.76488187 7.21248e-16
6049.14062621 7.431e-16
6052.51637055 7.25913e-16
6055.89211489 7.0982e-16
6059.26785923 7.19154e-16
6062.64360357 7.4529e-16
6066.01934791 7.31816e-16
6069.39509225 7.13662e-16
6072.77083659 7.32491e-16
6076.14658093 7.29633e-16
6079.52232527 7.44823e-16
6082.89806961 7.49184e-16
6086.27381395 7.41421e-16
6089.64955829 7.23994e-16
6093.02530263 7.13221e-16
6096.40104697 7.16766e-16
6099.77679131 7.21633e-16
6103.15253565 7.3037e-16
6106.52827999 7.24682e-16
6109.90402433 7.1917e-16
6113.27976867 7.21938e-16
6116.65551302 7.11844e-16
6120.03125736 7.0103e-16
6123.4070017 7.13845e-16
6126.78274604 7.09324e-16
6130.15849038 7.0421e-16
6133.53423472 7.22567e-16
6136.90997906 7.15189e-16
6140.2857234 7.05691e-16
6143.66146774 7.13638e-16
6147.03721208 7.29241e-16
6150.41295642 7.29408e-16
6153.78870076 7.09659e-16
6157.1644451 7.11665e-16
6160.54018944 7.5627e-16
6163.91593378 7.34874e-16
6167.29167812 6.99784e-16
6170.66742246 7.01891e-16
6174.0431668 7.02335e-16
6177.41891114 7.02906e-16
6180.79465548 6.93841e-16
6184.17039982 7.10658e-16
6187.54614416 7.27219e-16
6190.92188851 7.24498e-16
6194.29763285 7.23115e-16
6197.67337719 7.40452e-16
6201.04912153 7.41872e-16
6204.42486587 7.22533e-16
6207.80061021 7.35867e-16
6211.17635455 7.30698e-16
6214.55209889 7.3815e-16
6217.92784323 7.26491e-16
6221.30358757 7.11977e-16
6224.67933191 7.20555e-16
6228.05507625 7.05667e-16
6231.43082059 7.15691e-16
6234.80656493 7.39307e-16
6238.18230927 7.50105e-16
6241.55805361 7.44338e-16
6244.93379795 7.54792e-16
6248.30954229 7.54098e-16
6251.68528663 7.3911e-16
6255.06103097 7.33392e-16
6258.43677531 7.35856e-16
6261.81251965 7.59187e-16
6265.188264 7.44634e-16
6268.56400834 7.32632e-16
6271.93975268 7.34045e-16
6275.31549702 7.25947e-16
6278.69124136 6.91034e-16
6282.0669857 7.30544e-16
6285.44273004 7.45666e-16
6288.81847438 7.51066e-16
6292.19421872 7.35845e-16
6295.56996306 7.03408e-16
6298.9457074 7.07789e-16
6302.32145174 7.20107e-16
6305.69719608 7.14062e-16
6309.07294042 7.28292e-16
6312.44868476 7.23882e-16
6315.8244291 7.12636e-16
6319.20017344 7.36381e-16
6322.57591778 7.41193e-16
6325.95166212 7.19688e-16
6329.32740646 7.21996e-16
6332.7031508 7.12573e-16
6336.07889514 7.41574e-16
6339.45463949 7.76936e-16
6342.83038383 7.29852e-16
6346.20612817 7.09145e-16
6349.58187251 7.16449e-16
6352.95761685 7.21844e-16
6356.33336119 7.01108e-16
6359.70910553 7.05784e-16
6363.08484987 7.15565e-16
6366.46059421 7.20392e-16
6369.83633855 7.00775e-16
6373.21208289 7.11187e-16
6376.58782723 7.18653e-16
6379.96357157 6.9687e-16
6383.33931591 6.81366e-16
6386.71506025 6.76932e-16
6390.09080459 6.88979e-16
6393.46654893 6.88067e-16
6396.84229327 6.86572e-16
6400.21803761 6.98949e-16
6403.59378195 7.23374e-16
6406.96952629 6.80282e-16
6410.34527063 6.58463e-16
6413.72101498 6.72201e-16
6417.09675932 6.64106e-16
6420.47250366 6.58215e-16
6423.848248 6.78683e-16
6427.22399234 6.71144e-16
6430.59973668 6.55339e-16
6433.97548102 6.83633e-16
6437.35122536 6.74244e-16
6440.7269697 6.73614e-16
6444.10271404 6.71874e-16
6447.47845838 6.61086e-16
6450.85420272 6.57732e-16
6454.22994706 6.5939e-16
6457.6056914 6.60004e-16
6460.98143574 6.73463e-16
6464.35718008 6.94083e-16
6467.73292442 6.83129e-16
6471.10866876 6.79335e-16
6474.4844131 6.73842e-16
6477.86015744 6.85902e-16
6481.23590178 6.71472e-16
6484.61164612 6.59622e-16
6487.98739047 6.63538e-16
6491.36313481 6.82168e-16
6494.73887915 6.75387e-16
6498.11462349 6.67637e-16
6501.49036783 6.79224e-16
6504.86611217 6.64992e-16
6508.24185651 6.53454e-16
6511.61760085 6.59544e-16
6514.99334519 6.73392e-16
6518.36908953 6.6643e-16
6521.74483387 6.58719e-16
6525.12057821 6.53257e-16
6528.49632255 6.67304e-16
6531.87206689 6.73477e-16
6535.24781123 6.61336e-16
6538.62355557 6.57037e-16
6541.99929991 6.45554e-16
6545.37504425 6.45631e-16
6548.75078859 6.42921e-16
6552.12653293 6.51488e-16
6555.50227727 6.44232e-16
6558.87802161 6.39492e-16
6562.25376596 6.37678e-16
6565.6295103 6.26118e-16
6569.00525464 6.19116e-16
6572.38099898 6.42631e-16
6575.75674332 6.35201e-16
6579.13248766 6.06818e-16
6582.508232 6.36697e-16
6585.88397634 6.6781e-16
6589.25972068 6.48443e-16
6592.63546502 6.351e-16
6596.01120936 6.72719e-16
6599.3869537 6.60429e-16
6602.76269804 6.3338e-16
6606.13844238 6.36907e-16
6609.51418672 6.19396e-16
6612.88993106 6.23176e-16
6616.2656754 6.39598e-16
6619.64141974 6.26237e-16
6623.01716408 6.25084e-16
6626.39290842 6.31571e-16
6629.76865276 6.39003e-16
6633.1443971 6.21159e-16
6636.52014145 6.0551e-16
6639.89588579 6.15364e-16
6643.27163013 6.1765e-16
6646.64737447 6.2561e-16
6650.02311881 6.21717e-16
6653.39886315 6.03906e-16
6656.77460749 6.20428e-16
6660.15035183 6.20868e-16
6663.52609617 6.20976e-16
6666.90184051 6.26185e-16
6670.27758485 6.04559e-16
6673.65332919 6.17403e-16
6677.02907353 6.17427e-16
6680.40481787 5.98689e-16
6683.78056221 6.06241e-16
6687.15630655 6.17036e-16
6690.53205089 6.06001e-16
6693.90779523 5.99929e-16
6697.28353957 6.19969e-16
6700.65928391 6.27651e-16
6704.03502825 5.96283e-16
6707.41077259 6.01199e-16
6710.78651694 6.16362e-16
6714.16226128 6.20885e-16
6717.53800562 6.36654e-16
6720.91374996 6.31134e-16
6724.2894943 6.33226e-16
6727.66523864 6.20398e-16
6731.04098298 6.34127e-16
6734.41672732 6.4389e-16
6737.79247166 6.49421e-16
6741.168216 6.28894e-16
6744.54396034 6.39112e-16
6747.91970468 6.34789e-16
6751.29544902 6.20309e-16
6754.67119336 6.34286e-16
6758.0469377 6.29651e-16
6761.42268204 6.46649e-16
6764.79842638 6.66781e-16
6768.17417072 6.35155e-16
6771.54991506 6.15304e-16
6774.9256594 6.17881e-16
6778.30140374 6.42459e-16
6781.67714808 6.52297e-16
6785.05289243 6.1894e-16
6788.42863677 6.14264e-16
6791.80438111 6.22504e-16
6795.18012545 6.27726e-16
6798.55586979 6.39221e-16
6801.93161413 6.5406e-16
6805.30735847 6.40243e-16
6808.68310281 6.31832e-16
6812.05884715 6.11139e-16
6815.43459149 6.33417e-16
6818.81033583 6.44347e-16
6822.18608017 6.54369e-16
6825.56182451 6.39265e-16
6828.93756885 6.62695e-16
6832.31331319 6.89052e-16
6835.68905753 6.75429e-16
6839.06480187 6.92063e-16
6842.44054621 6.82797e-16
6845.81629055 6.72717e-16
6849.19203489 6.86009e-16
6852.56777923 6.92721e-16
6855.94352357 7.18954e-16
6859.31926792 7.00038e-16
6862.69501226 6.8303e-16
6866.0707566 6.54952e-16
6869.44650094 6.34188e-16
6872.82224528 6.10777e-16
6876.19798962 6.2233e-16
6879.57373396 6.75558e-16
6882.9494783 6.83895e-16
6886.32522264 6.70451e-16
6889.70096698 6.89396e-16
6893.07671132 6.83217e-16
6896.45245566 6.84326e-16
6899.8282 6.73304e-16
6903.20394434 7.14898e-16
6906.57968868 7.02799e-16
6909.95543302 7.20529e-16
6913.33117736 7.32641e-16
6916.7069217 7.20209e-16
6920.08266604 7.22398e-16
6923.45841038 7.24098e-16
6926.83415472 7.06612e-16
6930.20989906 7.09955e-16
6933.58564341 7.29483e-16
6936.96138775 7.16191e-16
6940.33713209 7.26437e-16
6943.71287643 7.08416e-16
6947.08862077 6.89148e-16
6950.46436511 6.61807e-16
6953.84010945 6.85675e-16
6957.21585379 6.90354e-16
6960.59159813 7.05642e-16
6963.96734247 7.11797e-16
6967.34308681 6.91544e-16
6970.71883115 6.95632e-16
6974.09457549 6.94142e-16
6977.47031983 6.95109e-16
6980.84606417 7.01531e-16
6984.22180851 6.78229e-16
6987.59755285 7.0025e-16
6990.97329719 7.02651e-16
6994.34904153 7.13155e-16
6997.72478587 7.21025e-16
7001.10053021 7.18331e-16
7004.47627455 7.1706e-16
7007.8520189 7.29148e-16
7011.22776324 7.2513e-16
7014.60350758 7.06557e-16
7017.97925192 7.24997e-16
7021.35499626 7.24274e-16
7024.7307406 7.15846e-16
7028.10648494 7.16025e-16
7031.48222928 7.02792e-16
7034.85797362 6.95988e-16
7038.23371796 7.04659e-16
7041.6094623 7.23227e-16
7044.98520664 7.1703e-16
7048.36095098 7.12205e-16
7051.73669532 7.09194e-16
7055.11243966 7.01764e-16
7058.488184 7.147e-16
7061.86392834 6.97528e-16
7065.23967268 6.97348e-16
7068.61541702 7.14678e-16
7071.99116136 7.17077e-16
7075.3669057 7.31198e-16
7078.74265004 7.26626e-16
7082.11839439 7.08219e-16
7085.49413873 7.1161e-16
7088.86988307 7.03654e-16
7092.24562741 6.89644e-16
7095.62137175 6.88705e-16
7098.99711609 6.83129e-16
7102.37286043 6.54233e-16
7105.74860477 6.63765e-16
7109.12434911 6.74397e-16
7112.50009345 6.62626e-16
7115.87583779 6.77774e-16
7119.25158213 7.00312e-16
7122.62732647 7.03965e-16
7126.00307081 6.90276e-16
7129.37881515 6.58065e-16
7132.75455949 6.66425e-16
7136.13030383 6.81039e-16
7139.50604817 6.62104e-16
7142.88179251 6.54807e-16
7146.25753685 6.51927e-16
7149.63328119 6.61083e-16
7153.00902553 6.57015e-16
7156.38476988 6.4576e-16
7159.76051422 6.56964e-16
7163.13625856 6.42734e-16
7166.5120029 6.11104e-16
7169.88774724 6.24348e-16
7173.26349158 6.26247e-16
7176.63923592 6.07976e-16
7180.01498026 6.19327e-16
7183.3907246 6.10312e-16
7186.76646894 6.02691e-16
7190.14221328 6.00661e-16
7193.51795762 6.00308e-16
7196.89370196 6.23549e-16
7200.2694463 6.16341e-16
7203.64519064 6.06983e-16
7207.02093498 6.41203e-16
7210.39667932 6.43857e-16
7213.77242366 6.33802e-16
7217.148168 6.633e-16
7220.52391234 6.92843e-16
7223.89965668 6.76963e-16
7227.27540102 6.65427e-16
7230.65114537 6.53672e-16
7234.02688971 6.01766e-16
7237.40263405 5.77274e-16
7240.77837839 5.68637e-16
7244.15412273 5.9349e-16
7247.52986707 5.55406e-16
7250.90561141 5.66126e-16
7254.28135575 6.04925e-16
7257.65710009 6.0189e-16
7261.03284443 6.07752e-16
7264.40858877 5.98447e-16
7267.78433311 5.93937e-16
7271.16007745 5.79124e-16
7274.53582179 5.87522e-16
7277.91156613 5.92267e-16
7281.28731047 5.83159e-16
7284.66305481 5.86025e-16
7288.03879915 5.86788e-16
7291.41454349 5.77989e-16
7294.79028783 5.97829e-16
7298.16603217 5.74524e-16
7301.54177651 5.7746e-16
7304.91752086 5.7077e-16
7308.2932652 5.7231e-16
7311.66900954 5.685e-16
7315.04475388 5.68003e-16
7318.42049822 5.72629e-16
7321.79624256 5.71713e-16
7325.1719869 5.82114e-16
7328.54773124 5.85956e-16
7331.92347558 5.85588e-16
7335.29921992 6.01836e-16
7338.67496426 5.89694e-16
7342.0507086 5.68956e-16
7345.42645294 5.70336e-16
7348.80219728 5.73297e-16
7352.17794162 5.49872e-16
7355.55368596 5.50622e-16
7358.9294303 5.74693e-16
7362.30517464 5.60017e-16
7365.68091898 5.41423e-16
7369.05666332 5.34637e-16
7372.43240766 5.44953e-16
7375.808152 5.56132e-16
7379.18389635 5.67844e-16
7382.55964069 5.59967e-16
7385.93538503 5.31122e-16
7389.31112937 5.22698e-16
7392.68687371 5.31936e-16
7396.06261805 5.36838e-16
7399.43836239 5.34951e-16
7402.81410673 5.45884e-16
7406.18985107 5.54512e-16
7409.56559541 5.45653e-16
7412.94133975 5.46474e-16
7416.31708409 5.50814e-16
7419.69282843 5.36985e-16
7423.06857277 5.36105e-16
7426.44431711 5.47276e-16
7429.82006145 5.45851e-16
7433.19580579 5.46531e-16
7436.57155013 5.48853e-16
7439.94729447 5.36016e-16
7443.32303881 5.18106e-16
7446.69878315 5.27828e-16
7450.07452749 5.33761e-16
7453.45027184 5.21742e-16
7456.82601618 5.40124e-16
7460.20176052 5.52632e-16
7463.57750486 5.42187e-16
7466.9532492 5.42167e-16
7470.32899354 5.27302e-16
7473.70473788 5.20757e-16
7477.08048222 5.34431e-16
7480.45622656 5.47791e-16
7483.8319709 5.32688e-16
7487.20771524 5.31143e-16
7490.58345958 5.40838e-16
7493.95920392 5.23198e-16
7497.33494826 5.18128e-16
7500.7106926 5.19317e-16
7504.08643694 5.04375e-16
7507.46218128 5.06308e-16
7510.83792562 5.11961e-16
7514.21366996 5.12407e-16
7517.5894143 4.92246e-16
7520.96515864 5.08837e-16
7524.34090298 5.22327e-16
7527.71664733 4.92818e-16
7531.09239167 4.84079e-16
7534.46813601 5.08276e-16
7537.84388035 4.86112e-16
7541.21962469 4.89677e-16
7544.59536903 4.77162e-16
7547.97111337 4.97199e-16
7551.34685771 5.20365e-16
7554.72260205 5.31071e-16
7558.09834639 5.18532e-16
7561.47409073 5.29291e-16
7564.84983507 5.2074e-16
7568.22557941 5.39856e-16
7571.60132375 5.48958e-16
7574.97706809 5.73666e-16
7578.35281243 5.95269e-16
7581.72855677 6.14856e-16
7585.10430111 6.1584e-16
7588.48004545 5.98864e-16
7591.85578979 5.2734e-16
7595.23153413 4.5193e-16
7598.60727847 3.78204e-16
7601.98302282 3.1199e-16
7605.35876716 2.96261e-16
7608.7345115 3.15656e-16
7612.11025584 3.78887e-16
7615.48600018 4.7322e-16
7618.86174452 5.42597e-16
7622.23748886 5.63193e-16
7625.6132332 5.43144e-16
7628.98897754 4.81618e-16
7632.36472188 4.89869e-16
7635.74046622 5.22066e-16
7639.11621056 5.29621e-16
7642.4919549 5.34786e-16
7645.86769924 5.22381e-16
7649.24344358 5.48257e-16
7652.61918792 5.60092e-16
7655.99493226 5.58812e-16
7659.3706766 5.85834e-16
7662.74642094 5.61737e-16
7666.12216528 5.47315e-16
7669.49790962 5.55365e-16
7672.87365396 5.11271e-16
7676.24939831 5.0182e-16
7679.62514265 4.90843e-16
7683.00088699 4.74236e-16
7686.37663133 4.74711e-16
7689.75237567 4.5426e-16
7693.12812001 4.30825e-16
7696.50386435 4.22205e-16
7699.87960869 4.20137e-16
7703.25535303 4.16781e-16
7706.63109737 4.32406e-16
7710.00684171 4.30344e-16
7713.38258605 4.3759e-16
7716.75833039 4.26347e-16
7720.13407473 4.38311e-16
7723.50981907 4.11582e-16
7726.88556341 4.31311e-16
7730.26130775 4.52911e-16
7733.63705209 4.49397e-16
7737.01279643 4.35448e-16
7740.38854077 4.46911e-16
7743.76428511 4.7455e-16
7747.14002945 4.62535e-16
7750.5157738 4.59113e-16
7753.89151814 4.68231e-16
7757.26726248 4.71145e-16
7760.64300682 4.82711e-16
7764.01875116 4.51077e-16
7767.3944955 4.5778e-16
7770.77023984 4.66916e-16
7774.14598418 4.63071e-16
7777.52172852 4.89893e-16
7780.89747286 4.83772e-16
7784.2732172 4.73617e-16
7787.64896154 4.63544e-16
7791.02470588 4.686e-16
7794.40045022 4.70799e-16
7797.77619456 4.49894e-16
7801.1519389 4.4019e-16
7804.52768324 4.57643e-16
7807.90342758 4.43163e-16
7811.27917192 4.37431e-16
7814.65491626 4.46573e-16
7818.0306606 4.19497e-16
7821.40640494 4.21524e-16
7824.78214929 4.32436e-16
7828.15789363 4.23343e-16
7831.53363797 4.24294e-16
7834.90938231 4.31535e-16
7838.28512665 4.54528e-16
7841.66087099 4.50457e-16
7845.03661533 4.26465e-16
7848.41235967 4.2845e-16
7851.78810401 4.18532e-16
7855.16384835 4.02642e-16
7858.53959269 4.13117e-16
7861.91533703 4.26474e-16
7865.29108137 4.29069e-16
7868.66682571 4.31731e-16
7872.04257005 4.23219e-16
7875.41831439 4.4103e-16
7878.79405873 4.33035e-16
7882.16980307 4.20045e-16
7885.54554741 4.16444e-16
7888.92129175 4.45178e-16
7892.29703609 4.36717e-16
7895.67278043 4.18629e-16
7899.04852478 4.07701e-16
7902.42426912 4.27343e-16
7905.80001346 4.14412e-16
7909.1757578 4.36307e-16
7912.55150214 4.21764e-16
7915.92724648 4.06646e-16
7919.30299082 4.14882e-16
7922.67873516 4.24363e-16
7926.0544795 4.09836e-16
7929.43022384 4.07746e-16
7932.80596818 4.19524e-16
7936.18171252 4.08219e-16
7939.55745686 4.22764e-16
7942.9332012 4.22632e-16
7946.30894554 4.23541e-16
7949.68468988 4.18039e-16
7953.06043422 4.14625e-16
7956.43617856 3.97594e-16
7959.8119229 3.90502e-16
7963.18766724 4.07149e-16
7966.56341158 4.13183e-16
7969.93915592 4.05574e-16
7973.31490027 4.18505e-16
7976.69064461 4.25463e-16
7980.06638895 4.10376e-16
7983.44213329 4.13264e-16
7986.81787763 4.16958e-16
7990.19362197 4.17804e-16
7993.56936631 4.15574e-16
7996.94511065 4.15843e-16
8000.32085499 4.10748e-16
8003.69659933 4.00954e-16
8007.07234367 4.04197e-16
8010.44808801 4.16653e-16
8013.82383235 4.18784e-16
8017.19957669 3.98788e-16
8020.57532103 3.98173e-16
8023.95106537 4.0948e-16
8027.32680971 4.11448e-16
8030.70255405 3.98837e-16
8034.07829839 3.99794e-16
8037.45404273 3.94137e-16
8040.82978707 3.95005e-16
8044.20553141 3.98957e-16
8047.58127576 3.98593e-16
8050.9570201 3.96648e-16
8054.33276444 3.86534e-16
8057.70850878 3.83361e-16
8061.08425312 3.82411e-16
8064.45999746 3.88646e-16
8067.8357418 3.9418e-16
8071.21148614 3.85944e-16
8074.58723048 3.7754e-16
8077.96297482 3.8378e-16
8081.33871916 3.87713e-16
8084.7144635 3.69196e-16
8088.09020784 3.74535e-16
8091.46595218 3.74378e-16
8094.84169652 3.79272e-16
8098.21744086 3.87201e-16
8101.5931852 3.79337e-16
8104.96892954 3.80103e-16
8108.34467388 3.86033e-16
8111.72041822 3.97824e-16
8115.09616256 4.08269e-16
8118.4719069 3.89951e-16
8121.84765125 4.01717e-16
8125.22339559 3.96168e-16
8128.59913993 3.82361e-16
8131.97488427 3.78445e-16
8135.35062861 3.78334e-16
8138.72637295 3.95584e-16
8142.10211729 3.94046e-16
8145.47786163 3.69333e-16
8148.85360597 3.74843e-16
8152.22935031 3.80516e-16
8155.60509465 3.66566e-16
8158.98083899 3.59637e-16
8162.35658333 3.65364e-16
8165.73232767 3.75944e-16
8169.10807201 3.77387e-16
8172.48381635 3.87079e-16
8175.85956069 3.88921e-16
8179.23530503 3.8128e-16
8182.61104937 3.71735e-16
8185.98679371 3.8159e-16
8189.36253805 3.73184e-16
8192.73828239 3.63451e-16
8196.11402674 3.67355e-16
8199.48977108 3.48197e-16
8202.86551542 3.62458e-16
8206.24125976 3.71873e-16
8209.6170041 3.65685e-16
8212.99274844 3.75638e-16
8216.36849278 3.4813e-16
8219.74423712 3.35469e-16
8223.11998146 3.41285e-16
8226.4957258 3.30174e-16
8229.87147014 3.21896e-16
8233.24721448 3.21766e-16
8236.62295882 3.48113e-16
8239.99870316 3.40634e-16
8243.3744475 3.57369e-16
8246.75019184 3.56628e-16
8250.12593618 3.49498e-16
8253.50168052 3.32638e-16
8256.87742486 3.50813e-16
8260.2531692 3.4665e-16
8263.62891354 3.41069e-16
8267.00465788 3.46553e-16
8270.38040223 3.42461e-16
8273.75614657 3.36844e-16
8277.13189091 3.36038e-16
8280.50763525 3.41367e-16
8283.88337959 3.47146e-16
8287.25912393 3.43124e-16
8290.63486827 3.38454e-16
8294.01061261 3.34254e-16
8297.38635695 3.32249e-16
8300.76210129 3.40315e-16
8304.13784563 3.4374e-16
8307.51358997 3.39812e-16
8310.88933431 3.33131e-16
8314.26507865 3.31834e-16
8317.64082299 3.53925e-16
8321.01656733 3.61053e-16
8324.39231167 3.38009e-16
8327.76805601 3.44534e-16
8331.14380035 3.44457e-16
8334.51954469 3.39942e-16
8337.89528903 3.53338e-16
8341.27103337 3.36368e-16
8344.64677772 3.33677e-16
8348.02252206 3.53909e-16
8351.3982664 3.42494e-16
8354.77401074 3.21006e-16
8358.14975508 3.44232e-16
8361.52549942 3.4491e-16
8364.90124376 3.30735e-16
8368.2769881 3.20133e-16
8371.65273244 3.34922e-16
8375.02847678 3.51567e-16
8378.40422112 3.47009e-16
8381.77996546 3.52162e-16
8385.1557098 3.36515e-16
8388.53145414 3.18732e-16
8391.90719848 3.39477e-16
8395.28294282 3.44859e-16
8398.65868716 3.46085e-16
8402.0344315 3.43243e-16
8405.41017584 3.33655e-16
8408.78592018 3.37959e-16
8412.16166452 3.30697e-16
8415.53740886 3.2321e-16
8418.91315321 3.34979e-16
8422.28889755 3.37149e-16
8425.66464189 3.45486e-16
8429.04038623 3.45984e-16
8432.41613057 3.36249e-16
8435.79187491 3.35016e-16
8439.16761925 3.269e-16
8442.54336359 3.40871e-16
8445.91910793 3.35987e-16
8449.29485227 3.3455e-16
8452.67059661 3.37039e-16
8456.04634095 3.38442e-16
8459.42208529 3.33238e-16
8462.79782963 3.26952e-16
8466.17357397 3.24241e-16
8469.54931831 3.22326e-16
8472.92506265 3.29054e-16
8476.30080699 3.25648e-16
8479.67655133 3.14972e-16
8483.05229567 3.20252e-16
8486.42804001 3.33383e-16
8489.80378435 3.15037e-16
8493.1795287 3.05195e-16
8496.55527304 3.08998e-16
8499.93101738 3.1275e-16
8503.30676172 2.95769e-16
8506.68250606 3.08659e-16
8510.0582504 3.0335e-16
8513.43399474 3.09565e-16
8516.80973908 3.10231e-16
8520.18548342 3.06524e-16
8523.56122776 3.08245e-16
8526.9369721 3.11103e-16
8530.31271644 3.10322e-16
8533.68846078 3.04803e-16
8537.06420512 3.1164e-16
8540.43994946 3.10765e-16
8543.8156938 3.04025e-16
8547.19143814 3.05225e-16
8550.56718248 3.00606e-16
8553.94292682 3.00096e-16
8557.31867116 3.13122e-16
8560.6944155 3.10156e-16
8564.07015984 2.97086e-16
8567.44590419 3.10238e-16
8570.82164853 2.98629e-16
8574.19739287 2.96721e-16
8577.57313721 2.97359e-16
8580.94888155 2.96277e-16
8584.32462589 3.03033e-16
8587.70037023 3.06539e-16
8591.07611457 3.24461e-16
8594.45185891 3.15759e-16
8597.82760325 3.12108e-16
8601.20334759 3.127e-16
8604.57909193 3.15319e-16
8607.95483627 3.02482e-16
8611.33058061 3.12294e-16
8614.70632495 2.98993e-16
8618.08206929 2.98188e-16
8621.45781363 2.97081e-16
8624.83355797 2.93135e-16
8628.20930231 3.02042e-16
8631.58504665 3.01979e-16
8634.96079099 2.92371e-16
8638.33653533 3.07254e-16
8641.71227968 3.0025e-16
8645.08802402 2.85559e-16
8648.46376836 2.91357e-16
8651.8395127 2.98272e-16
8655.21525704 2.99413e-16
8658.59100138 3.03138e-16
8661.96674572 2.98932e-16
8665.34249006 2.85491e-16
8668.7182344 2.91045e-16
8672.09397874 2.97412e-16
8675.46972308 2.881e-16
8678.84546742 2.91579e-16
8682.22121176 2.90713e-16
8685.5969561 2.94193e-16
8688.97270044 3.13046e-16
8692.34844478 2.93856e-16
8695.72418912 2.82167e-16
8699.09993346 2.92544e-16
8702.4756778 2.85919e-16
8705.85142214 2.96264e-16
8709.22716648 2.93966e-16
8712.60291082 2.84016e-16
8715.97865517 2.88105e-16
8719.35439951 2.91548e-16
8722.73014385 2.96159e-16
8726.10588819 2.94715e-16
8729.48163253 2.89202e-16
8732.85737687 2.80283e-16
8736.23312121 2.89303e-16
8739.60886555 2.96384e-16
8742.98460989 2.82033e-16
8746.36035423 2.83618e-16
8749.73609857 2.8815e-16
8753.11184291 2.94014e-16
8756.48758725 2.77483e-16
8759.86333159 2.808e-16
8763.23907593 2.92485e-16
8766.61482027 2.82875e-16
8769.99056461 2.87794e-16
8773.36630895 2.90375e-16
8776.74205329 2.82455e-16
8780.11779763 2.89067e-16
8783.49354197 2.9702e-16
8786.86928631 2.8928e-16
8790.24503066 2.80696e-16
8793.620775 2.85953e-16
8796.99651934 2.89033e-16
8800.37226368 2.87635e-16
8803.74800802 2.79545e-16
8807.12375236 2.87936e-16
8810.4994967 2.87292e-16
8813.87524104 2.83742e-16
8817.25098538 2.9431e-16
8820.62672972 2.85909e-16
8824.00247406 2.9532e-16
8827.3782184 2.74918e-16
8830.75396274 2.76394e-16
8834.12970708 3.02933e-16
8837.50545142 2.91456e-16
8840.88119576 2.74799e-16
8844.2569401 2.69867e-16
8847.63268444 2.89371e-16
8851.00842878 2.87672e-16
8854.38417312 2.7738e-16
8857.75991746 2.88605e-16
8861.1356618 2.87042e-16
8864.51140615 2.74207e-16
8867.88715049 2.79949e-16
8871.26289483 2.80877e-16
8874.63863917 2.80735e-16
8878.01438351 2.68396e-16
8881.39012785 2.73084e-16
8884.76587219 2.8539e-16
8888.14161653 2.64292e-16
8891.51736087 2.78929e-16
8894.89310521 2.77999e-16
8898.26884955 2.70153e-16
8901.64459389 2.74454e-16
8905.02033823 2.69834e-16
8908.39608257 2.76897e-16
8911.77182691 2.77263e-16
8915.14757125 2.76197e-16
8918.52331559 2.66995e-16
8921.89905993 2.63618e-16
8925.27480427 2.63971e-16
8928.65054861 2.70759e-16
8932.02629295 2.59019e-16
8935.40203729 2.57505e-16
8938.77778164 2.64698e-16
8942.15352598 2.67235e-16
8945.52927032 2.54148e-16
8948.90501466 2.6232e-16
8952.280759 2.57852e-16
8955.65650334 2.56573e-16
8959.03224768 2.48611e-16
8962.40799202 2.48568e-16
8965.78373636 2.39422e-16
8969.1594807 2.37089e-16
8972.53522504 2.47115e-16
8975.91096938 2.53782e-16
8979.28671372 2.56704e-16
8982.66245806 2.51653e-16
8986.0382024 2.50574e-16
8989.41394674 2.42702e-16
8992.78969108 2.33903e-16
8996.16543542 2.34007e-16
8999.54117976 2.39343e-16
9002.9169241 2.57704e-16
9006.29266844 2.57355e-16
9009.66841278 2.46645e-16
9013.04415713 2.56798e-16
9016.41990147 2.68471e-16
9019.79564581 2.40712e-16
9023.17139015 2.4828e-16
9026.54713449 2.54956e-16
9029.92287883 2.47688e-16
9033.29862317 2.56559e-16
9036.67436751 2.67233e-16
9040.05011185 2.62854e-16
9043.42585619 2.66389e-16
9046.80160053 2.4903e-16
9050.17734487 2.45366e-16
9053.55308921 2.64146e-16
9056.92883355 2.57099e-16
9060.30457789 2.44732e-16
9063.68032223 2.4051e-16
9067.05606657 2.342e-16
9070.43181091 2.28323e-16
9073.80755525 2.26339e-16
9077.18329959 2.28653e-16
9080.55904393 2.31731e-16
9083.93478827 2.4098e-16
9087.31053262 2.45083e-16
9090.68627696 2.38107e-16
9094.0620213 2.4416e-16
9097.43776564 2.49478e-16
9100.81350998 2.4813e-16
9104.18925432 2.42862e-16
9107.56499866 2.59001e-16
9110.940743 2.52231e-16
9114.31648734 2.40486e-16
9117.69223168 2.50012e-16
9121.06797602 2.47493e-16
9124.44372036 2.45946e-16
9127.8194647 2.4138e-16
9131.19520904 2.43018e-16
9134.57095338 2.28748e-16
9137.94669772 2.31474e-16
9141.32244206 2.38362e-16
9144.6981864 2.4776e-16
9148.07393074 2.32718e-16
9151.44967508 2.15833e-16
9154.82541942 2.34331e-16
9158.20116376 2.48846e-16
9161.57690811 2.34518e-16
9164.95265245 2.40242e-16
9168.32839679 2.52056e-16
9171.70414113 2.46345e-16
9175.07988547 2.43741e-16
9178.45562981 2.37219e-16
9181.83137415 2.43706e-16
9185.20711849 2.61475e-16
9188.58286283 2.58641e-16
9191.95860717 2.4226e-16
9195.33435151 2.4718e-16
9198.71009585 2.4449e-16
9202.08584019 2.55555e-16
9205.46158453 2.48788e-16
9208.83732887 2.30088e-16
9212.21307321 2.30684e-16
9215.58881755 2.27475e-16
9218.96456189 2.30899e-16
9222.34030623 2.18819e-16
9225.71605057 2.00878e-16
9229.09179491 2.14027e-16
9232.46753925 2.18478e-16
9235.8432836 2.17733e-16
9239.21902794 2.11844e-16
9242.59477228 2.19647e-16
9245.97051662 2.12842e-16
9249.34626096 2.13309e-16
9252.7220053 2.17853e-16
9256.09774964 2.13582e-16
9259.47349398 2.18985e-16
9262.84923832 2.31191e-16
9266.22498266 2.2406e-16
9269.600727 2.03888e-16
9272.97647134 2.08545e-16
9276.35221568 2.08912e-16
9279.72796002 2.10121e-16
9283.10370436 2.01268e-16
9286.4794487 2.12883e-16
9289.85519304 2.15914e-16
9293.23093738 2.25218e-16
9296.60668172 2.2679e-16
9299.98242606 2.13836e-16
9303.3581704 2.08888e-16
9306.73391474 2.09067e-16
9310.10965909 1.99932e-16
9313.48540343 1.88813e-16
9316.86114777 1.9076e-16
9320.23689211 1.94155e-16
9323.61263645 1.93586e-16
9326.98838079 1.81439e-16
9330.36412513 1.82172e-16
9333.73986947 1.62395e-16
9337.11561381 1.51852e-16
9340.49135815 1.5783e-16
9343.86710249 1.54841e-16
9347.24284683 1.57178e-16
9350.61859117 1.61289e-16
9353.99433551 1.6217e-16
9357.37007985 1.59476e-16
9360.74582419 1.5917e-16
9364.12156853 1.59692e-16
9367.49731287 1.46894e-16
9370.87305721 1.51133e-16
9374.24880155 1.55492e-16
9377.62454589 1.48168e-16
9381.00029023 1.67289e-16
9384.37603458 1.6695e-16
9387.75177892 1.79977e-16
9391.12752326 1.88892e-16
9394.5032676 2.0934e-16
9397.87901194 1.97698e-16
9401.25475628 1.98657e-16
9404.63050062 2.07319e-16
9408.00624496 2.12505e-16
9411.3819893 2.13628e-16
9414.75773364 2.24817e-16
9418.13347798 2.18334e-16
9421.50922232 2.10007e-16
9424.88496666 2.15195e-16
9428.260711 2.12866e-16
9431.63645534 2.21227e-16
9435.01219968 2.14288e-16
9438.38794402 1.77578e-16
9441.76368836 1.75778e-16
9445.1394327 1.94798e-16
9448.51517704 1.89545e-16
9451.89092138 1.72506e-16
9455.26666572 1.64749e-16
9458.64241007 1.58397e-16
9462.01815441 1.68778e-16
9465.39389875 1.59836e-16
9468.76964309 1.56472e-16
9472.14538743 1.33846e-16
9475.52113177 1.33349e-16
9478.89687611 1.28023e-16
9482.27262045 1.31343e-16
9485.64836479 1.23665e-16
9489.02410913 1.19553e-16
9492.39985347 1.15051e-16
9495.77559781 1.11348e-16
9499.15134215 1.29502e-16
9502.52708649 1.37596e-16
9505.90283083 1.46123e-16
9509.27857517 1.48525e-16
9512.65431951 1.60413e-16
9516.03006385 1.76155e-16
9519.40580819 1.70272e-16
9522.78155253 1.93801e-16
9526.15729687 2.14465e-16
9529.53304121 2.53938e-16
9532.90878556 3.05554e-16
9536.2845299 3.68395e-16
9539.66027424 3.87386e-16
9543.03601858 3.8201e-16
9546.41176292 4.25714e-16
9549.78750726 2.86606e-16
9553.1632516 3.06463e-16
9556.53899594 1.28459e-16
9559.91474028 1.14494e-17
9563.29048462 -7.94275e-18
9566.66622896 5.63284e-17
9570.0419733 -5.33914e-17
9573.41771764 -1.41868e-16
9576.79346198 5.55399e-17
9580.16920632 4.65389e-17
9583.54495066 8.51358e-17
9586.920695 9.43127e-17
9590.29643934 -1.02537e-17
9593.67218368 -1.17564e-16
9597.04792802 1.9726e-17
9600.42367236 2.05869e-16
9603.7994167 -5.9879e-17

