#z 0.091
3500.0 2.7546e-16
3501.525 2.5666e-16
3503.05 3.2085e-16
3504.575 3.1761e-16
3506.1 3.2586e-16
3507.625 3.5568e-16
3509.15 3.6227e-16
3510.675 3.4096e-16
3512.2 3.5033e-16
3513.725 4.3483e-16
3515.25 4.2261e-16
3516.775 4.0802e-16
3518.3 3.8469e-16
3519.825 4.1173e-16
3521.35 4.2802e-16
3522.875 3.8728e-16
3524.4 4.0499e-16
3525.925 4.1836e-16
3527.45 3.8561e-16
3528.975 3.841e-16
3530.5 4.0439e-16
3532.025 3.9617e-16
3533.55 3.9147e-16
3535.075 3.5529e-16
3536.6 3.6728e-16
3538.125 3.3829e-16
3539.65 2.9112e-16
3541.175 2.6784e-16
3542.7 2.7885e-16
3544.225 3.3921e-16
3545.75 3.433e-16
3547.275 3.2615e-16
3548.8 3.0626e-16
3550.325 3.4736e-16
3551.85 3.2132e-16
3553.375 3.1308e-16
3554.9 2.9948e-16
3556.425 2.9487e-16
3557.95 3.0956e-16
3559.475 2.8757e-16
3561.0 3.169e-16
3562.525 2.9412e-16
3564.05 3.0861e-16
3565.575 3.0134e-16
3567.1 2.9986e-16
3568.625 2.9266e-16
3570.15 2.983e-16
3571.675 3.365e-16
3573.2 3.0327e-16
3574.725 3.1734e-16
3576.25 3.2925e-16
3577.775 3.2349e-16
3579.3 3.6464e-16
3580.825 3.6525e-16
3582.35 3.5078e-16
3583.875 3.4518e-16
3585.4 3.4676e-16
3586.925 3.5675e-16
3588.45 3.392e-16
3589.975 3.7614e-16
3591.5 3.4486e-16
3593.025 3.5027e-16
3594.55 3.525e-16
3596.075 3.5436e-16
3597.6 3.4706e-16
3599.125 3.5242e-16
3600.65 3.5525e-16
3602.175 3.5114e-16
3603.7 3.2872e-16
3605.225 3.3815e-16
3606.75 3.2787e-16
3608.275 3.2555e-16
3609.8 3.5866e-16
3611.325 3.1857e-16
3612.85 3.0583e-16
3614.375 3.2153e-16
3615.9 3.1306e-16
3617.425 2.9317e-16
3618.95 2.9254e-16
3620.475 2.783e-16
3622.0 2.7337e-16
3623.525 2.7137e-16
3625.05 2.8319e-16
3626.575 2.7285e-16
3628.1 2.7883e-16
3629.625 2.7428e-16
3631.15 2.5907e-16
3632.675 2.7579e-16
3634.2 2.6279e-16
3635.725 2.5526e-16
3637.25 2.701e-16
3638.775 2.7572e-16
3640.3 2.7873e-16
3641.825 2.7937e-16
3643.35 2.9649e-16
3644.875 3.1208e-16
3646.4 3.0021e-16
3647.925 3.232e-16
3649.45 3.0274e-16
3650.975 3.0376e-16
3652.5 3.1117e-16
3654.025 2.9089e-16
3655.55 2.9837e-16
3657.075 3.0989e-16
3658.6 3.3404e-16
3660.125 3.2662e-16
3661.65 3.055e-16
3663.175 3.1472e-16
3664.7 3.2469e-16
3666.225 3.0629e-16
3667.75 3.2858e-16
3669.275 3.5476e-16
3670.8 3.3499e-16
3672.325 3.2499e-16
3673.85 3.09e-16
3675.375 3.0174e-16
3676.9 2.9664e-16
3678.425 3.2428e-16
3679.95 3.1656e-16
3681.475 3.3045e-16
3683.0 3.2731e-16
3684.525 3.3885e-16
3686.05 3.2743e-16
3687.575 3.1518e-16
3689.1 3.383e-16
3690.625 2.9823e-16
3692.15 2.9104e-16
3693.675 2.966e-16
3695.2 2.9111e-16
3696.725 2.952e-16
3698.25 2.9233e-16
3699.775 2.9626e-16
3701.3 2.9381e-16
3702.825 2.7039e-16
3704.35 2.6426e-16
3705.875 2.8357e-16
3707.4 2.7914e-16
3708.925 2.5691e-16
3710.45 2.5284e-16
3711.975 2.6712e-16
3713.5 2.6837e-16
3715.025 2.5079e-16
3716.55 2.6511e-16
3718.075 2.4413e-16
3719.6 2.4327e-16
3721.125 2.5922e-16
3722.65 2.5393e-16
3724.175 2.7041e-16
3725.7 2.6928e-16
3727.225 2.6646e-16
3728.75 2.7172e-16
3730.275 2.6478e-16
3731.8 2.7505e-16
3733.325 2.7702e-16
3734.85 2.7215e-16
3736.375 2.8448e-16
3737.9 2.8399e-16
3739.425 2.5485e-16
3740.95 2.7199e-16
3742.475 2.9767e-16
3744.0 2.8661e-16
3745.525 2.853e-16
3747.05 2.8184e-16
3748.575 2.7776e-16
3750.1 2.8566e-16
3751.625 2.8691e-16
3753.15 2.8813e-16
3754.675 2.9943e-16
3756.2 2.8198e-16
3757.725 2.8314e-16
3759.25 2.9926e-16
3760.775 2.8514e-16
3762.3 2.9578e-16
3763.825 2.784e-16
3765.35 2.7287e-16
3766.875 2.8607e-16
3768.4 2.8772e-16
3769.925 2.7308e-16
3771.45 2.7488e-16
3772.975 2.7238e-16
3774.5 2.5597e-16
3776.025 2.5387e-16
3777.55 2.7304e-16
3779.075 2.9451e-16
3780.6 2.674e-16
3782.125 2.6838e-16
3783.65 2.833e-16
3785.175 2.7064e-16
3786.7 2.5438e-16
3788.225 2.5759e-16
3789.75 2.5634e-16
3791.275 2.6144e-16
3792.8 2.7741e-16
3794.325 2.6391e-16
3795.85 2.6672e-16
3797.375 2.5538e-16
3798.9 2.6033e-16
3800.425 2.7115e-16
3801.95 2.4975e-16
3803.475 2.3659e-16
3805.0 2.6011e-16
3806.525 2.6499e-16
3808.05 2.5162e-16
3809.575 2.6069e-16
3811.1 2.5082e-16
3812.625 2.4836e-16
3814.15 2.3184e-16
3815.675 2.4384e-16
3817.2 2.4454e-16
3818.725 2.5311e-16
3820.25 2.5056e-16
3821.775 2.5128e-16
3823.3 2.6513e-16
3824.825 2.7835e-16
3826.35 2.7231e-16
3827.875 2.6336e-16
3829.4 2.6072e-16
3830.925 2.6254e-16
3832.45 2.8214e-16
3833.975 2.6315e-16
3835.5 2.3984e-16
3837.025 2.5145e-16
3838.55 2.6421e-16
3840.075 2.6504e-16
3841.6 2.5578e-16
3843.125 2.682e-16
3844.65 2.7394e-16
3846.175 2.6116e-16
3847.7 2.6236e-16
3849.225 2.656e-16
3850.75 2.6899e-16
3852.275 2.6156e-16
3853.8 2.5543e-16
3855.325 2.3849e-16
3856.85 2.5549e-16
3858.375 2.7435e-16
3859.9 2.8182e-16
3861.425 2.6608e-16
3862.95 2.5206e-16
3864.475 2.6768e-16
3866.0 2.6841e-16
3867.525 2.6999e-16
3869.05 2.6503e-16
3870.575 2.535e-16
3872.1 2.4329e-16
3873.625 2.5365e-16
3875.15 2.6588e-16
3876.675 2.6736e-16
3878.2 2.6267e-16
3879.725 2.686e-16
3881.25 2.5502e-16
3882.775 2.5884e-16
3884.3 2.5141e-16
3885.825 2.4952e-16
3887.35 2.6032e-16
3888.875 2.6632e-16
3890.4 2.7179e-16
3891.925 2.5838e-16
3893.45 2.4104e-16
3894.975 2.5205e-16
3896.5 2.5556e-16
3898.025 2.6086e-16
3899.55 2.4796e-16
3901.075 2.3883e-16
3902.6 2.6375e-16
3904.125 2.4394e-16
3905.65 2.3422e-16
3907.175 2.3933e-16
3908.7 2.5553e-16
3910.225 2.4201e-16
3911.75 2.5347e-16
3913.275 2.491e-16
3914.8 2.5158e-16
3916.325 2.4267e-16
3917.85 2.4209e-16
3919.375 2.5449e-16
3920.9 2.4808e-16
3922.425 2.4623e-16
3923.95 2.3563e-16
3925.475 2.426e-16
3927.0 2.5719e-16
3928.525 2.535e-16
3930.05 2.3634e-16
3931.575 2.3722e-16
3933.1 2.3682e-16
3934.625 2.269e-16
3936.15 2.3522e-16
3937.675 2.2937e-16
3939.2 2.43e-16
3940.725 2.4917e-16
3942.25 2.3986e-16
3943.775 2.3568e-16
3945.3 2.397e-16
3946.825 2.4873e-16
3948.35 2.4677e-16
3949.875 2.4632e-16
3951.4 2.6035e-16
3952.925 2.7309e-16
3954.45 2.6888e-16
3955.975 2.445e-16
3957.5 2.5093e-16
3959.025 2.4595e-16
3960.55 2.4608e-16
3962.075 2.44e-16
3963.6 2.3595e-16
3965.125 2.4266e-16
3966.65 2.3849e-16
3968.175 2.355e-16
3969.7 2.5407e-16
3971.225 2.4628e-16
3972.75 2.4452e-16
3974.275 2.3674e-16
3975.8 2.4002e-16
3977.325 2.5957e-16
3978.85 2.4777e-16
3980.375 2.2443e-16
3981.9 2.4106e-16
3983.425 2.4301e-16
3984.95 2.2321e-16
3986.475 2.3766e-16
3988.0 2.2985e-16
3989.525 2.1138e-16
3991.05 2.2842e-16
3992.575 2.3957e-16
3994.1 2.4146e-16
3995.625 2.2666e-16
3997.15 2.3606e-16
3998.675 2.2262e-16
4000.2 2.0906e-16
4001.725 2.1285e-16
4003.25 2.2225e-16
4004.775 2.1881e-16
4006.3 2.3635e-16
4007.825 2.5022e-16
4009.35 2.4278e-16
4010.875 2.3794e-16
4012.4 2.3846e-16
4013.925 2.3027e-16
4015.45 2.2395e-16
4016.975 2.261e-16
4018.5 2.1127e-16
4020.025 2.0459e-16
4021.55 2.2168e-16
4023.075 2.2278e-16
4024.6 2.1312e-16
4026.125 2.1522e-16
4027.65 2.1827e-16
4029.175 2.2885e-16
4030.7 2.4832e-16
4032.225 2.4862e-16
4033.75 2.344e-16
4035.275 2.3745e-16
4036.8 2.3757e-16
4038.325 2.343e-16
4039.85 2.3629e-16
4041.375 2.3634e-16
4042.9 2.2247e-16
4044.425 2.3668e-16
4045.95 2.4845e-16
4047.475 2.2182e-16
4049.0 2.4143e-16
4050.525 2.4083e-16
4052.05 2.3074e-16
4053.575 2.2192e-16
4055.1 2.3457e-16
4056.625 2.3619e-16
4058.15 2.3021e-16
4059.675 2.283e-16
4061.2 2.1601e-16
4062.725 2.1922e-16
4064.25 2.1904e-16
4065.775 2.0451e-16
4067.3 2.1107e-16
4068.825 2.2068e-16
4070.35 2.285e-16
4071.875 2.1008e-16
4073.4 2.0583e-16
4074.925 2.1153e-16
4076.45 2.0676e-16
4077.975 2.0463e-16
4079.5 2.0542e-16
4081.025 2.0938e-16
4082.55 2.1694e-16
4084.075 2.0337e-16
4085.6 1.9239e-16
4087.125 2.0456e-16
4088.65 2.0582e-16
4090.175 2.0346e-16
4091.7 2.0274e-16
4093.225 1.9394e-16
4094.75 1.9164e-16
4096.275 1.9811e-16
4097.8 2.0329e-16
4099.325 1.9386e-16
4100.85 2.0092e-16
4102.375 1.9808e-16
4103.9 1.8904e-16
4105.425 1.8943e-16
4106.95 1.9429e-16
4108.475 1.9432e-16
4110.0 2.0367e-16
4111.525 2.0366e-16
4113.05 2.0273e-16
4114.575 1.9193e-16
4116.1 1.9145e-16
4117.625 1.9425e-16
4119.15 1.8648e-16
4120.675 1.9125e-16
4122.2 1.9318e-16
4123.725 1.9444e-16
4125.25 1.9977e-16
4126.775 1.9509e-16
4128.3 2.0061e-16
4129.825 2.1793e-16
4131.35 2.1137e-16
4132.875 1.9131e-16
4134.4 2.0465e-16
4135.925 2.0252e-16
4137.45 1.9177e-16
4138.975 1.9968e-16
4140.5 2.0444e-16
4142.025 1.9331e-16
4143.55 1.8971e-16
4145.075 2.06e-16
4146.6 2.0423e-16
4148.125 1.991e-16
4149.65 1.8984e-16
4151.175 1.9772e-16
4152.7 1.8997e-16
4154.225 2.0452e-16
4155.75 2.1181e-16
4157.275 2.1508e-16
4158.8 2.216e-16
4160.325 2.1654e-16
4161.85 2.0496e-16
4163.375 2.0634e-16
4164.9 2.0265e-16
4166.425 2.0606e-16
4167.95 2.1692e-16
4169.475 2.0863e-16
4171.0 2.0677e-16
4172.525 2.2001e-16
4174.05 2.1911e-16
4175.575 2.1738e-16
4177.1 2.1382e-16
4178.625 2.1049e-16
4180.15 2.0669e-16
4181.675 1.989e-16
4183.2 2.0269e-16
4184.725 1.9702e-16
4186.25 2.0177e-16
4187.775 2.1023e-16
4189.3 2.1163e-16
4190.825 2.0017e-16
4192.35 2.0069e-16
4193.875 2.1123e-16
4195.4 2.1499e-16
4196.925 2.0232e-16
4198.45 1.9781e-16
4199.975 1.9879e-16
4201.5 1.8681e-16
4203.025 1.9716e-16
4204.55 1.9583e-16
4206.075 1.9498e-16
4207.6 1.998e-16
4209.125 2.0027e-16
4210.65 1.9861e-16
4212.175 2.036e-16
4213.7 1.9459e-16
4215.225 1.9802e-16
4216.75 2.0486e-16
4218.275 1.9035e-16
4219.8 1.9472e-16
4221.325 2.0245e-16
4222.85 2.1074e-16
4224.375 1.938e-16
4225.9 1.9682e-16
4227.425 2.0508e-16
4228.95 2.0177e-16
4230.475 2.063e-16
4232.0 1.9674e-16
4233.525 1.9333e-16
4235.05 1.9737e-16
4236.575 2.2944e-16
4238.1 2.136e-16
4239.625 2.008e-16
4241.15 1.9419e-16
4242.675 1.7448e-16
4244.2 1.912e-16
4245.725 2.1182e-16
4247.25 2.0802e-16
4248.775 2.0794e-16
4250.3 2.0665e-16
4251.825 2.0371e-16
4253.35 2.1632e-16
4254.875 2.0905e-16
4256.4 2.1055e-16
4257.925 2.0987e-16
4259.45 1.9352e-16
4260.975 2.0091e-16
4262.5 1.9653e-16
4264.025 2.0346e-16
4265.55 2.0401e-16
4267.075 2.0693e-16
4268.6 2.1686e-16
4270.125 2.135e-16
4271.65 2.0027e-16
4273.175 2.0165e-16
4274.7 1.9698e-16
4276.225 1.8371e-16
4277.75 1.9438e-16
4279.275 2.013e-16
4280.8 1.8724e-16
4282.325 1.7819e-16
4283.85 1.9671e-16
4285.375 1.993e-16
4286.9 2.0121e-16
4288.425 1.8871e-16
4289.95 1.8337e-16
4291.475 1.6728e-16
4293.0 1.6381e-16
4294.525 1.7846e-16
4296.05 1.8983e-16
4297.575 1.9284e-16
4299.1 1.9127e-16
4300.625 1.9551e-16
4302.15 2.0743e-16
4303.675 2.0243e-16
4305.2 2.063e-16
4306.725 1.9881e-16
4308.25 2.0919e-16
4309.775 2.0698e-16
4311.3 2.0171e-16
4312.825 2.0552e-16
4314.35 2.0934e-16
4315.875 2.1209e-16
4317.4 1.9325e-16
4318.925 1.953e-16
4320.45 1.9152e-16
4321.975 2.1094e-16
4323.5 2.0682e-16
4325.025 2.0912e-16
4326.55 2.0635e-16
4328.075 2.0176e-16
4329.6 2.0948e-16
4331.125 2.1301e-16
4332.65 1.8769e-16
4334.175 1.9163e-16
4335.7 1.991e-16
4337.225 1.9681e-16
4338.75 1.9613e-16
4340.275 2.1398e-16
4341.8 2.2259e-16
4343.325 2.1268e-16
4344.85 2.1586e-16
4346.375 2.0813e-16
4347.9 2.0177e-16
4349.425 2.1359e-16
4350.95 2.1324e-16
4352.475 2.1221e-16
4354.0 2.0071e-16
4355.525 2.055e-16
4357.05 2.6116e-16
4358.575 2.7996e-16
4360.1 2.2922e-16
4361.625 1.9771e-16
4363.15 2.041e-16
4364.675 2.1884e-16
4366.2 2.0576e-16
4367.725 2.1007e-16
4369.25 2.1613e-16
4370.775 2.0842e-16
4372.3 2.1147e-16
4373.825 2.0485e-16
4375.35 2.0817e-16
4376.875 2.1235e-16
4378.4 2.1403e-16
4379.925 2.1002e-16
4381.45 2.1073e-16
4382.975 2.0734e-16
4384.5 2.0474e-16
4386.025 1.9681e-16
4387.55 2.0326e-16
4389.075 2.1349e-16
4390.6 2.0352e-16
4392.125 2.0636e-16
4393.65 2.0802e-16
4395.175 2.0647e-16
4396.7 2.1062e-16
4398.225 2.014e-16
4399.75 2.0711e-16
4401.275 2.2169e-16
4402.8 2.0877e-16
4404.325 2.0694e-16
4405.85 2.1842e-16
4407.375 2.1575e-16
4408.9 2.1717e-16
4410.425 1.9858e-16
4411.95 2.1579e-16
4413.475 2.168e-16
4415.0 1.9137e-16
4416.525 1.8941e-16
4418.05 1.9696e-16
4419.575 2.1144e-16
4421.1 2.1924e-16
4422.625 2.0318e-16
4424.15 2.0191e-16
4425.675 2.0701e-16
4427.2 2.1405e-16
4428.725 2.058e-16
4430.25 2.0659e-16
4431.775 1.9283e-16
4433.3 1.8726e-16
4434.825 2.1739e-16
4436.35 2.0632e-16
4437.875 2.029e-16
4439.4 2.1362e-16
4440.925 2.1558e-16
4442.45 2.2507e-16
4443.975 2.1149e-16
4445.5 1.9651e-16
4447.025 2.215e-16
4448.55 2.296e-16
4450.075 2.1924e-16
4451.6 2.112e-16
4453.125 2.1278e-16
4454.65 2.1125e-16
4456.175 2.0202e-16
4457.7 1.8899e-16
4459.225 2.0349e-16
4460.75 2.0251e-16
4462.275 1.9422e-16
4463.8 2.0754e-16
4465.325 2.0955e-16
4466.85 1.9788e-16
4468.375 1.9181e-16
4469.9 2.0122e-16
4471.425 2.0161e-16
4472.95 2.0094e-16
4474.475 1.9709e-16
4476.0 1.9985e-16
4477.525 2.083e-16
4479.05 1.9866e-16
4480.575 2.1082e-16
4482.1 2.0515e-16
4483.625 2.0186e-16
4485.15 2.1023e-16
4486.675 1.932e-16
4488.2 1.9439e-16
4489.725 1.9954e-16
4491.25 1.996e-16
4492.775 1.8701e-16
4494.3 1.9917e-16
4495.825 2.0612e-16
4497.35 2.1237e-16
4498.875 2.0182e-16
4500.4 1.8655e-16
4501.925 2.0347e-16
4503.45 1.9245e-16
4504.975 1.9227e-16
4506.5 1.9848e-16
4508.025 2.1033e-16
4509.55 1.9378e-16
4511.075 1.864e-16
4512.6 1.9634e-16
4514.125 1.7984e-16
4515.65 2.0418e-16
4517.175 1.9103e-16
4518.7 1.8918e-16
4520.225 1.9741e-16
4521.75 1.9975e-16
4523.275 1.9793e-16
4524.8 1.9807e-16
4526.325 2.0464e-16
4527.85 1.7807e-16
4529.375 1.916e-16
4530.9 1.9557e-16
4532.425 1.8121e-16
4533.95 1.7772e-16
4535.475 1.855e-16
4537.0 1.8323e-16
4538.525 2.0089e-16
4540.05 2.1216e-16
4541.575 1.9114e-16
4543.1 1.7464e-16
4544.625 1.9473e-16
4546.15 1.9299e-16
4547.675 1.9247e-16
4549.2 1.969e-16
4550.725 1.8368e-16
4552.25 1.9406e-16
4553.775 1.9255e-16
4555.3 1.8006e-16
4556.825 1.8437e-16
4558.35 1.8047e-16
4559.875 1.8602e-16
4561.4 2.0087e-16
4562.925 1.9538e-16
4564.45 1.8245e-16
4565.975 1.85e-16
4567.5 1.9817e-16
4569.025 1.9012e-16
4570.55 1.7447e-16
4572.075 1.8693e-16
4573.6 1.9587e-16
4575.125 1.9581e-16
4576.65 1.926e-16
4578.175 2.0465e-16
4579.7 1.8151e-16
4581.225 1.788e-16
4582.75 1.8441e-16
4584.275 1.7373e-16
4585.8 1.6516e-16
4587.325 1.6883e-16
4588.85 1.773e-16
4590.375 1.7754e-16
4591.9 1.8999e-16
4593.425 1.8384e-16
4594.95 1.8013e-16
4596.475 1.9035e-16
4598.0 1.9155e-16
4599.525 1.795e-16
4601.05 1.8331e-16
4602.575 1.874e-16
4604.1 1.8002e-16
4605.625 1.8065e-16
4607.15 1.8925e-16
4608.675 1.9975e-16
4610.2 1.9079e-16
4611.725 1.7565e-16
4613.25 1.5716e-16
4614.775 1.6462e-16
4616.3 1.8057e-16
4617.825 1.8386e-16
4619.35 1.7307e-16
4620.875 1.6962e-16
4622.4 1.7889e-16
4623.925 1.8568e-16
4625.45 1.8056e-16
4626.975 1.7649e-16
4628.5 1.9081e-16
4630.025 1.7904e-16
4631.55 1.6973e-16
4633.075 1.863e-16
4634.6 1.9922e-16
4636.125 1.7789e-16
4637.65 1.8141e-16
4639.175 1.6606e-16
4640.7 1.6382e-16
4642.225 1.7657e-16
4643.75 1.7002e-16
4645.275 1.7449e-16
4646.8 1.6666e-16
4648.325 1.523e-16
4649.85 1.517e-16
4651.375 1.5329e-16
4652.9 1.7807e-16
4654.425 1.7634e-16
4655.95 1.6869e-16
4657.475 1.7475e-16
4659.0 1.7904e-16
4660.525 1.7814e-16
4662.05 1.6689e-16
4663.575 1.6634e-16
4665.1 1.6415e-16
4666.625 1.7978e-16
4668.15 1.7659e-16
4669.675 1.7574e-16
4671.2 1.6981e-16
4672.725 1.768e-16
4674.25 1.7579e-16
4675.775 1.6762e-16
4677.3 1.7249e-16
4678.825 1.6962e-16
4680.35 1.6302e-16
4681.875 1.6839e-16
4683.4 1.9769e-16
4684.925 1.76e-16
4686.45 1.62e-16
4687.975 1.7631e-16
4689.5 1.6488e-16
4691.025 1.6358e-16
4692.55 1.6771e-16
4694.075 1.6258e-16
4695.6 1.5057e-16
4697.125 1.6495e-16
4698.65 1.725e-16
4700.175 1.6651e-16
4701.7 1.641e-16
4703.225 1.5459e-16
4704.75 1.5448e-16
4706.275 1.6e-16
4707.8 1.6375e-16
4709.325 1.652e-16
4710.85 1.6738e-16
4712.375 1.6553e-16
4713.9 1.7635e-16
4715.425 1.8295e-16
4716.95 1.6794e-16
4718.475 1.7186e-16
4720.0 1.6137e-16
4721.525 1.7489e-16
4723.05 1.7106e-16
4724.575 1.4668e-16
4726.1 1.5596e-16
4727.625 1.7834e-16
4729.15 1.7038e-16
4730.675 1.7885e-16
4732.2 1.8268e-16
4733.725 1.735e-16
4735.25 1.4807e-16
4736.775 1.5e-16
4738.3 1.668e-16
4739.825 1.7582e-16
4741.35 1.6571e-16
4742.875 1.7459e-16
4744.4 1.7064e-16
4745.925 1.6899e-16
4747.45 1.7076e-16
4748.975 1.7114e-16
4750.5 1.6996e-16
4752.025 1.7541e-16
4753.55 1.7853e-16
4755.075 1.8312e-16
4756.6 1.7524e-16
4758.125 1.7606e-16
4759.65 1.8896e-16
4761.175 1.7005e-16
4762.7 1.5992e-16
4764.225 1.6164e-16
4765.75 1.7292e-16
4767.275 1.7239e-16
4768.8 1.8059e-16
4770.325 1.6141e-16
4771.85 1.5561e-16
4773.375 1.5752e-16
4774.9 1.6283e-16
4776.425 1.7019e-16
4777.95 1.5815e-16
4779.475 1.5729e-16
4781.0 1.6203e-16
4782.525 1.6812e-16
4784.05 1.6091e-16
4785.575 1.5925e-16
4787.1 1.5487e-16
4788.625 1.5787e-16
4790.15 1.6544e-16
4791.675 1.5605e-16
4793.2 1.5925e-16
4794.725 1.6308e-16
4796.25 1.6388e-16
4797.775 1.6198e-16
4799.3 1.7461e-16
4800.825 1.7268e-16
4802.35 1.6196e-16
4803.875 1.6337e-16
4805.4 1.628e-16
4806.925 1.6931e-16
4808.45 1.7103e-16
4809.975 1.598e-16
4811.5 1.6491e-16
4813.025 1.6868e-16
4814.55 1.6056e-16
4816.075 1.6854e-16
4817.6 1.5977e-16
4819.125 1.5914e-16
4820.65 1.6041e-16
4822.175 1.6616e-16
4823.7 1.6297e-16
4825.225 1.5392e-16
4826.75 1.5222e-16
4828.275 1.5546e-16
4829.8 1.6231e-16
4831.325 1.7338e-16
4832.85 1.6772e-16
4834.375 1.6925e-16
4835.9 1.6169e-16
4837.425 1.5229e-16
4838.95 1.5585e-16
4840.475 1.6779e-16
4842.0 1.5431e-16
4843.525 1.5577e-16
4845.05 1.6171e-16
4846.575 1.5809e-16
4848.1 1.5296e-16
4849.625 1.6147e-16
4851.15 1.6315e-16
4852.675 1.6476e-16
4854.2 1.6739e-16
4855.725 1.6192e-16
4857.25 1.5942e-16
4858.775 1.572e-16
4860.3 1.5794e-16
4861.825 1.6717e-16
4863.35 1.6393e-16
4864.875 1.5855e-16
4866.4 1.6783e-16
4867.925 1.5174e-16
4869.45 1.6177e-16
4870.975 1.6245e-16
4872.5 1.5128e-16
4874.025 1.5742e-16
4875.55 1.5669e-16
4877.075 1.5033e-16
4878.6 1.4507e-16
4880.125 1.5947e-16
4881.65 1.7957e-16
4883.175 1.6345e-16
4884.7 1.6582e-16
4886.225 1.4604e-16
4887.75 1.4227e-16
4889.275 1.5616e-16
4890.8 1.6119e-16
4892.325 1.6473e-16
4893.85 1.5896e-16
4895.375 1.5953e-16
4896.9 1.5251e-16
4898.425 1.5965e-16
4899.95 1.6884e-16
4901.475 1.7019e-16
4903.0 1.6315e-16
4904.525 1.4809e-16
4906.05 1.638e-16
4907.575 1.715e-16
4909.1 1.7289e-16
4910.625 1.6873e-16
4912.15 1.6329e-16
4913.675 1.6445e-16
4915.2 1.5279e-16
4916.725 1.6106e-16
4918.25 1.6143e-16
4919.775 1.6993e-16
4921.3 1.8252e-16
4922.825 1.778e-16
4924.35 1.8311e-16
4925.875 1.7437e-16
4927.4 1.536e-16
4928.925 1.6516e-16
4930.45 1.647e-16
4931.975 1.519e-16
4933.5 1.6233e-16
4935.025 1.7407e-16
4936.55 1.5979e-16
4938.075 1.6277e-16
4939.6 1.5059e-16
4941.125 1.5127e-16
4942.65 1.5615e-16
4944.175 1.5241e-16
4945.7 1.6012e-16
4947.225 1.6744e-16
4948.75 1.6007e-16
4950.275 1.567e-16
4951.8 1.6643e-16
4953.325 1.6922e-16
4954.85 1.6857e-16
4956.375 1.7056e-16
4957.9 1.7129e-16
4959.425 1.6594e-16
4960.95 1.715e-16
4962.475 1.9239e-16
4964.0 1.8867e-16
4965.525 1.7551e-16
4967.05 1.6897e-16
4968.575 1.6864e-16
4970.1 1.7206e-16
4971.625 1.8108e-16
4973.15 1.8278e-16
4974.675 1.6349e-16
4976.2 1.7519e-16
4977.725 1.8842e-16
4979.25 1.6534e-16
4980.775 1.7281e-16
4982.3 1.6088e-16
4983.825 1.6135e-16
4985.35 1.6341e-16
4986.875 1.7142e-16
4988.4 1.7543e-16
4989.925 1.6516e-16
4991.45 1.8071e-16
4992.975 1.6966e-16
4994.5 1.5804e-16
4996.025 1.6774e-16
4997.55 1.6769e-16
4999.075 1.6902e-16
5000.6 1.7423e-16
5002.125 1.6114e-16
5003.65 1.719e-16
5005.175 1.7916e-16
5006.7 1.5972e-16
5008.225 1.598e-16
5009.75 1.7154e-16
5011.275 1.8648e-16
5012.8 1.9997e-16
5014.325 1.851e-16
5015.85 1.7564e-16
5017.375 1.784e-16
5018.9 1.7413e-16
5020.425 1.7044e-16
5021.95 1.7049e-16
5023.475 1.8035e-16
5025.0 1.7171e-16
5026.525 1.6672e-16
5028.05 1.873e-16
5029.575 1.7744e-16
5031.1 1.651e-16
5032.625 1.7134e-16
5034.15 1.7599e-16
5035.675 1.7589e-16
5037.2 1.6658e-16
5038.725 1.6989e-16
5040.25 1.7507e-16
5041.775 1.6183e-16
5043.3 1.5974e-16
5044.825 1.7113e-16
5046.35 1.6898e-16
5047.875 1.61e-16
5049.4 1.8525e-16
5050.925 1.7023e-16
5052.45 1.6714e-16
5053.975 1.6396e-16
5055.5 1.7127e-16
5057.025 1.7798e-16
5058.55 1.794e-16
5060.075 1.6269e-16
5061.6 1.5619e-16
5063.125 1.6024e-16
5064.65 1.8094e-16
5066.175 1.885e-16
5067.7 1.6993e-16
5069.225 1.5748e-16
5070.75 1.685e-16
5072.275 1.5677e-16
5073.8 1.6328e-16
5075.325 1.6374e-16
5076.85 1.6055e-16
5078.375 1.6138e-16
5079.9 1.5325e-16
5081.425 1.6664e-16
5082.95 1.739e-16
5084.475 1.6649e-16
5086.0 1.6386e-16
5087.525 1.6329e-16
5089.05 1.5886e-16
5090.575 1.5906e-16
5092.1 1.6586e-16
5093.625 1.747e-16
5095.15 1.7067e-16
5096.675 1.6403e-16
5098.2 1.6685e-16
5099.725 1.6518e-16
5101.25 1.6638e-16
5102.775 1.7269e-16
5104.3 1.5711e-16
5105.825 1.5336e-16
5107.35 1.6037e-16
5108.875 1.6789e-16
5110.4 1.6692e-16
5111.925 1.5419e-16
5113.45 1.5885e-16
5114.975 1.5825e-16
5116.5 1.6281e-16
5118.025 1.5657e-16
5119.55 1.5555e-16
5121.075 1.7015e-16
5122.6 1.657e-16
5124.125 1.7398e-16
5125.65 1.6392e-16
5127.175 1.6313e-16
5128.7 1.6782e-16
5130.225 1.6563e-16
5131.75 1.6744e-16
5133.275 1.7345e-16
5134.8 1.6649e-16
5136.325 1.7048e-16
5137.85 1.5566e-16
5139.375 1.6984e-16
5140.9 1.6822e-16
5142.425 1.753e-16
5143.95 1.7833e-16
5145.475 1.6434e-16
5147.0 1.6733e-16
5148.525 1.7187e-16
5150.05 1.8107e-16
5151.575 1.7269e-16
5153.1 1.6277e-16
5154.625 1.7127e-16
5156.15 1.6806e-16
5157.675 1.6368e-16
5159.2 1.6937e-16
5160.725 1.6478e-16
5162.25 1.5575e-16
5163.775 1.5476e-16
5165.3 1.6204e-16
5166.825 1.6568e-16
5168.35 1.7724e-16
5169.875 1.7647e-16
5171.4 1.6083e-16
5172.925 1.7094e-16
5174.45 1.685e-16
5175.975 1.5671e-16
5177.5 1.4373e-16
5179.025 1.4173e-16
5180.55 1.6314e-16
5182.075 1.6691e-16
5183.6 1.6715e-16
5185.125 1.6064e-16
5186.65 1.6681e-16
5188.175 1.721e-16
5189.7 1.6604e-16
5191.225 1.5907e-16
5192.75 1.6524e-16
5194.275 1.4895e-16
5195.8 1.5953e-16
5197.325 1.6433e-16
5198.85 1.5496e-16
5200.375 1.3534e-16
5201.9 1.5315e-16
5203.425 1.5787e-16
5204.95 1.6545e-16
5206.475 1.6324e-16
5208.0 1.6084e-16
5209.525 1.7282e-16
5211.05 1.7402e-16
5212.575 1.6383e-16
5214.1 1.6306e-16
5215.625 1.5351e-16
5217.15 1.5846e-16
5218.675 1.5368e-16
5220.2 1.4961e-16
5221.725 1.6494e-16
5223.25 1.6579e-16
5224.775 1.7501e-16
5226.3 1.7253e-16
5227.825 1.7571e-16
5229.35 1.678e-16
5230.875 1.4483e-16
5232.4 1.615e-16
5233.925 1.6937e-16
5235.45 1.6802e-16
5236.975 1.7669e-16
5238.5 1.5399e-16
5240.025 1.5011e-16
5241.55 1.6537e-16
5243.075 1.5652e-16
5244.6 1.7032e-16
5246.125 1.5894e-16
5247.65 1.6161e-16
5249.175 1.5427e-16
5250.7 1.6023e-16
5252.225 1.499e-16
5253.75 1.4e-16
5255.275 1.5519e-16
5256.8 1.6518e-16
5258.325 1.5523e-16
5259.85 1.621e-16
5261.375 1.5865e-16
5262.9 1.484e-16
5264.425 1.586e-16
5265.95 1.571e-16
5267.475 1.6095e-16
5269.0 1.6144e-16
5270.525 1.6445e-16
5272.05 1.645e-16
5273.575 1.5071e-16
5275.1 1.3675e-16
5276.625 1.4196e-16
5278.15 1.5969e-16
5279.675 1.6645e-16
5281.2 1.4966e-16
5282.725 1.3965e-16
5284.25 1.5714e-16
5285.775 1.5868e-16
5287.3 1.5725e-16
5288.825 1.5789e-16
5290.35 1.5437e-16
5291.875 1.5355e-16
5293.4 1.7208e-16
5294.925 1.6477e-16
5296.45 1.6009e-16
5297.975 1.546e-16
5299.5 1.4495e-16
5301.025 1.5506e-16
5302.55 1.6263e-16
5304.075 1.4169e-16
5305.6 1.3604e-16
5307.125 1.3811e-16
5308.65 1.3925e-16
5310.175 1.6444e-16
5311.7 1.596e-16
5313.225 1.44e-16
5314.75 1.2718e-16
5316.275 1.5876e-16
5317.8 1.708e-16
5319.325 1.5658e-16
5320.85 1.461e-16
5322.375 1.6137e-16
5323.9 1.5544e-16
5325.425 1.3783e-16
5326.95 1.6225e-16
5328.475 1.4915e-16
5330.0 1.4817e-16
5331.525 1.4308e-16
5333.05 1.5247e-16
5334.575 1.5108e-16
5336.1 1.4436e-16
5337.625 1.5318e-16
5339.15 1.5595e-16
5340.675 1.6072e-16
5342.2 1.355e-16
5343.725 1.3736e-16
5345.25 1.59e-16
5346.775 1.3984e-16
5348.3 1.4041e-16
5349.825 1.5202e-16
5351.35 1.4053e-16
5352.875 1.421e-16
5354.4 1.5303e-16
5355.925 1.6629e-16
5357.45 1.6293e-16
5358.975 1.4181e-16
5360.5 1.3423e-16
5362.025 1.3908e-16
5363.55 1.4259e-16
5365.075 1.4331e-16
5366.6 1.4872e-16
5368.125 1.4513e-16
5369.65 1.3564e-16
5371.175 1.4936e-16
5372.7 1.6806e-16
5374.225 1.5747e-16
5375.75 1.3461e-16
5377.275 1.4424e-16
5378.8 1.5219e-16
5380.325 1.4919e-16
5381.85 1.5731e-16
5383.375 1.5466e-16
5384.9 1.4127e-16
5386.425 1.4837e-16
5387.95 1.7224e-16
5389.475 1.4995e-16
5391.0 1.27e-16
5392.525 1.4463e-16
5394.05 1.7818e-16
5395.575 1.3889e-16
5397.1 1.4035e-16
5398.625 1.7121e-16
5400.15 1.7301e-16
5401.675 1.3883e-16
5403.2 1.4504e-16
5404.725 1.3393e-16
5406.25 1.4025e-16
5407.775 1.4536e-16
5409.3 1.4366e-16
5410.825 1.3166e-16
5412.35 1.504e-16
5413.875 1.3276e-16
5415.4 1.3704e-16
5416.925 1.5334e-16
5418.45 1.4779e-16
5419.975 1.5112e-16
5421.5 1.4489e-16
5423.025 1.2367e-16
5424.55 1.2421e-16
5426.075 1.4272e-16
5427.6 1.591e-16
5429.125 1.6888e-16
5430.65 1.557e-16
5432.175 1.4683e-16
5433.7 1.3507e-16
5435.225 1.3287e-16
5436.75 1.4652e-16
5438.275 1.439e-16
5439.8 1.3509e-16
5441.325 1.2613e-16
5442.85 1.4484e-16
5444.375 1.478e-16
5445.9 1.2429e-16
5447.425 1.2575e-16
5448.95 1.4503e-16
5450.475 1.4739e-16
5452.0 1.5787e-16
5453.525 1.446e-16
5455.05 1.4809e-16
5456.575 1.5281e-16
5458.1 1.3883e-16
5459.625 1.4637e-16
5461.15 1.8067e-16
5462.675 1.6597e-16
5464.2 1.4552e-16
5465.725 1.5659e-16
5467.25 1.6518e-16
5468.775 1.2346e-16
5470.3 1.3897e-16
5471.825 1.45e-16
5473.35 1.5459e-16
5474.875 1.6718e-16
5476.4 1.3983e-16
5477.925 1.3982e-16
5479.45 1.3103e-16
5480.975 1.2006e-16
5482.5 1.4127e-16
5484.025 1.3154e-16
5485.55 1.4601e-16
5487.075 1.5377e-16
5488.6 1.3024e-16
5490.125 1.2078e-16
5491.65 1.394e-16
5493.175 1.2404e-16
5494.7 1.2924e-16
5496.225 1.604e-16
5497.75 1.7252e-16
5499.275 1.511e-16
5500.8 1.4865e-16
5502.325 1.3274e-16
5503.85 1.3112e-16
5505.375 1.4823e-16
5506.9 1.4274e-16
5508.425 1.4726e-16
5509.95 1.5298e-16
5511.475 1.3178e-16
5513.0 1.2726e-16
5514.525 1.4123e-16
5516.05 1.4298e-16
5517.575 1.3523e-16
5519.1 1.428e-16
5520.625 1.3601e-16
5522.15 1.3185e-16
5523.675 1.3325e-16
5525.2 1.3738e-16
5526.725 1.3663e-16
5528.25 1.4214e-16
5529.775 1.3387e-16
5531.3 1.3373e-16
5532.825 1.4394e-16
5534.35 1.3887e-16
5535.875 1.401e-16
5537.4 1.4202e-16
5538.925 1.2643e-16
5540.45 1.3013e-16
5541.975 1.3803e-16
5543.5 1.4137e-16
5545.025 1.3636e-16
5546.55 1.3816e-16
5548.075 1.3672e-16
5549.6 1.3438e-16
5551.125 1.3833e-16
5552.65 1.2944e-16
5554.175 1.4455e-16
5555.7 1.4904e-16
5557.225 1.4732e-16
5558.75 1.481e-16
5560.275 1.4759e-16
5561.8 1.3845e-16
5563.325 1.353e-16
5564.85 1.383e-16
5566.375 1.3649e-16
5567.9 1.2728e-16
5569.425 1.3085e-16
5570.95 1.2568e-16
5572.475 1.3544e-16
5574.0 1.5289e-16
5575.525 1.6041e-16
5577.05 1.4871e-16
5578.575 1.5489e-16
5580.1 1.526e-16
5581.625 1.3732e-16
5583.15 1.306e-16
5584.675 1.3727e-16
5586.2 1.432e-16
5587.725 1.429e-16
5589.25 1.4089e-16
5590.775 1.3782e-16
5592.3 1.3254e-16
5593.825 1.378e-16
5595.35 1.403e-16
5596.875 1.5011e-16
5598.4 1.6324e-16
5599.925 1.5979e-16
5601.45 1.3858e-16
5602.975 1.2896e-16
5604.5 1.3491e-16
5606.025 1.3789e-16
5607.55 1.4842e-16
5609.075 1.5512e-16
5610.6 1.4963e-16
5612.125 1.4761e-16
5613.65 1.4582e-16
5615.175 1.3612e-16
5616.7 1.4179e-16
5618.225 1.5579e-16
5619.75 1.5021e-16
5621.275 1.4113e-16
5622.8 1.3603e-16
5624.325 1.4349e-16
5625.85 1.4729e-16
5627.375 1.3447e-16
5628.9 1.4372e-16
5630.425 1.5847e-16
5631.95 1.4503e-16
5633.475 1.3819e-16
5635.0 1.4296e-16
5636.525 1.4039e-16
5638.05 1.448e-16
5639.575 1.418e-16
5641.1 1.4733e-16
5642.625 1.4397e-16
5644.15 1.1886e-16
5645.675 1.2423e-16
5647.2 1.3989e-16
5648.725 1.3054e-16
5650.25 1.2039e-16
5651.775 1.4066e-16
5653.3 1.4169e-16
5654.825 1.2864e-16
5656.35 1.2934e-16
5657.875 1.2876e-16
5659.4 1.2858e-16
5660.925 1.4271e-16
5662.45 1.4188e-16
5663.975 1.3994e-16
5665.5 1.4568e-16
5667.025 1.5333e-16
5668.55 1.4244e-16
5670.075 1.2848e-16
5671.6 1.3554e-16
5673.125 1.3643e-16
5674.65 1.2939e-16
5676.175 1.2047e-16
5677.7 1.2792e-16
5679.225 1.3845e-16
5680.75 1.3636e-16
5682.275 1.4416e-16
5683.8 1.4379e-16
5685.325 1.3062e-16
5686.85 1.3034e-16
5688.375 1.3479e-16
5689.9 1.2831e-16
5691.425 1.3063e-16
5692.95 1.4691e-16
5694.475 1.4849e-16
5696.0 1.3579e-16
5697.525 1.2278e-16
5699.05 1.2778e-16
5700.575 1.356e-16
5702.1 1.3717e-16
5703.625 1.4266e-16
5705.15 1.4272e-16
5706.675 1.3607e-16
5708.2 1.3323e-16
5709.725 1.3661e-16
5711.25 1.3123e-16
5712.775 1.2667e-16
5714.3 1.3526e-16
5715.825 1.4448e-16
5717.35 1.4646e-16
5718.875 1.2668e-16
5720.4 1.1992e-16
5721.925 1.3775e-16
5723.45 1.4239e-16
5724.975 1.2996e-16
5726.5 1.211e-16
5728.025 1.2942e-16
5729.55 1.4311e-16
5731.075 1.4215e-16
5732.6 1.2823e-16
5734.125 1.2509e-16
5735.65 1.3e-16
5737.175 1.2476e-16
5738.7 1.2362e-16
5740.225 1.2796e-16
5741.75 1.2906e-16
5743.275 1.2329e-16
5744.8 1.1776e-16
5746.325 1.2269e-16
5747.85 1.2329e-16
5749.375 1.2195e-16
5750.9 1.2736e-16
5752.425 1.2488e-16
5753.95 1.2437e-16
5755.475 1.2628e-16
5757.0 1.169e-16
5758.525 1.1192e-16
5760.05 1.2076e-16
5761.575 1.3593e-16
5763.1 1.3842e-16
5764.625 1.2385e-16
5766.15 1.2217e-16
5767.675 1.3572e-16
5769.2 1.3763e-16
5770.725 1.3428e-16
5772.25 1.3277e-16
5773.775 1.224e-16
5775.3 1.249e-16
5776.825 1.3565e-16
5778.35 1.3181e-16
5779.875 1.2328e-16
5781.4 1.2123e-16
5782.925 1.1434e-16
5784.45 1.1337e-16
5785.975 1.3254e-16
5787.5 1.4e-16
5789.025 1.3518e-16
5790.55 1.3868e-16
5792.075 1.372e-16
5793.6 1.3167e-16
5795.125 1.2458e-16
5796.65 1.2762e-16
5798.175 1.3589e-16
5799.7 1.3332e-16
5801.225 1.2561e-16
5802.75 1.2318e-16
5804.275 1.2392e-16
5805.8 1.193e-16
5807.325 1.1073e-16
5808.85 1.0884e-16
5810.375 1.1511e-16
5811.9 1.2213e-16
5813.425 1.2759e-16
5814.95 1.2131e-16
5816.475 1.157e-16
5818.0 1.2053e-16
5819.525 1.2865e-16
5821.05 1.3692e-16
5822.575 1.3474e-16
5824.1 1.2571e-16
5825.625 1.2748e-16
5827.15 1.3376e-16
5828.675 1.2558e-16
5830.2 1.2245e-16
5831.725 1.274e-16
5833.25 1.2736e-16
5834.775 1.3046e-16
5836.3 1.3044e-16
5837.825 1.2457e-16
5839.35 1.1914e-16
5840.875 1.2026e-16
5842.4 1.2434e-16
5843.925 1.2874e-16
5845.45 1.2294e-16
5846.975 1.0809e-16
5848.5 1.0489e-16
5850.025 1.1208e-16
5851.55 1.2022e-16
5853.075 1.2244e-16
5854.6 1.1859e-16
5856.125 1.22e-16
5857.65 1.1847e-16
5859.175 1.1315e-16
5860.7 1.2332e-16
5862.225 1.249e-16
5863.75 1.2407e-16
5865.275 1.2022e-16
5866.8 1.1744e-16
5868.325 1.3073e-16
5869.85 1.3398e-16
5871.375 1.3049e-16
5872.9 1.2772e-16
5874.425 1.1859e-16
5875.95 1.1457e-16
5877.475 1.2109e-16
5879.0 1.2389e-16
5880.525 1.1887e-16
5882.05 1.2095e-16
5883.575 1.2587e-16
5885.1 1.1784e-16
5886.625 1.0634e-16
5888.15 1.0426e-16
5889.675 1.216e-16
5891.2 1.4632e-16
5892.725 1.4976e-16
5894.25 1.4224e-16
5895.775 1.3535e-16
5897.3 1.1543e-16
5898.825 9.6985e-17
5900.35 1.025e-16
5901.875 1.1117e-16
5903.4 1.1843e-16
5904.925 1.1753e-16
5906.45 1.0699e-16
5907.975 1.0715e-16
5909.5 1.0582e-16
5911.025 1.1132e-16
5912.55 1.2876e-16
5914.075 1.2069e-16
5915.6 1.03e-16
5917.125 1.0721e-16
5918.65 1.106e-16
5920.175 1.154e-16
5921.7 1.1954e-16
5923.225 1.1287e-16
5924.75 1.1024e-16
5926.275 1.0735e-16
5927.8 1.063e-16
5929.325 1.1386e-16
5930.85 1.1702e-16
5932.375 1.0699e-16
5933.9 1.0413e-16
5935.425 1.139e-16
5936.95 1.2116e-16
5938.475 1.2096e-16
5940.0 1.1365e-16
5941.525 1.174e-16
5943.05 1.2299e-16
5944.575 1.1778e-16
5946.1 1.1243e-16
5947.625 1.1282e-16
5949.15 1.1432e-16
5950.675 1.0841e-16
5952.2 1.0922e-16
5953.725 1.1963e-16
5955.25 1.2686e-16
5956.775 1.2644e-16
5958.3 1.2287e-16
5959.825 1.206e-16
5961.35 1.1749e-16
5962.875 1.1266e-16
5964.4 1.1545e-16
5965.925 1.2068e-16
5967.45 1.1753e-16
5968.975 1.1772e-16
5970.5 1.1651e-16
5972.025 1.1073e-16
5973.55 1.1231e-16
5975.075 1.2108e-16
5976.6 1.2715e-16
5978.125 1.2007e-16
5979.65 1.0571e-16
5981.175 1.0421e-16
5982.7 1.1371e-16
5984.225 1.2e-16
5985.75 1.2068e-16
5987.275 1.1716e-16
5988.8 1.155e-16
5990.325 1.1699e-16
5991.85 1.1548e-16
5993.375 1.0876e-16
5994.9 1.1209e-16
5996.425 1.1938e-16
5997.95 1.1665e-16
5999.475 1.1215e-16
6001.0 1.0792e-16
6002.525 1.175e-16
6004.05 1.2308e-16
6005.575 1.1772e-16
6007.1 1.2299e-16
6008.625 1.2634e-16
6010.15 1.2145e-16
6011.675 1.1241e-16
6013.2 1.061e-16
6014.725 1.1104e-16
6016.25 1.1218e-16
6017.775 1.0667e-16
6019.3 1.124e-16
6020.825 1.1745e-16
6022.35 1.1696e-16
6023.875 1.13e-16
6025.4 1.0379e-16
6026.925 1.0841e-16
6028.45 1.1345e-16
6029.975 1.0415e-16
6031.5 1.0753e-16
6033.025 1.1373e-16
6034.55 1.0981e-16
6036.075 1.0979e-16
6037.6 1.1155e-16
6039.125 1.1139e-16
6040.65 1.0712e-16
6042.175 1.0775e-16
6043.7 1.121e-16
6045.225 1.0878e-16
6046.75 1.0881e-16
6048.275 1.1472e-16
6049.8 1.1261e-16
6051.325 9.8113e-17
6052.85 9.4175e-17
6054.375 1.041e-16
6055.9 1.1508e-16
6057.425 1.2211e-16
6058.95 1.193e-16
6060.475 1.1458e-16
6062.0 1.1452e-16
6063.525 1.1533e-16
6065.05 1.1084e-16
6066.575 1.1036e-16
6068.1 1.0566e-16
6069.625 9.9705e-17
6071.15 1.1027e-16
6072.675 1.1069e-16
6074.2 1.0662e-16
6075.725 1.1152e-16
6077.25 1.1233e-16
6078.775 1.1339e-16
6080.3 1.1014e-16
6081.825 1.097e-16
6083.35 1.203e-16
6084.875 1.156e-16
6086.4 1.0143e-16
6087.925 1.0376e-16
6089.45 1.0885e-16
6090.975 1.1227e-16
6092.5 1.1459e-16
6094.025 1.0283e-16
6095.55 9.189e-17
6097.075 1.0246e-16
6098.6 1.108e-16
6100.125 1.0627e-16
6101.65 1.0785e-16
6103.175 1.0433e-16
6104.7 1.0399e-16
6106.225 1.133e-16
6107.75 1.0933e-16
6109.275 1.1505e-16
6110.8 1.2456e-16
6112.325 1.1143e-16
6113.85 1.0273e-16
6115.375 1.0401e-16
6116.9 1.0645e-16
6118.425 1.0916e-16
6119.95 1.0592e-16
6121.475 1.0312e-16
6123.0 1.0246e-16
6124.525 1.0662e-16
6126.05 1.1419e-16
6127.575 1.192e-16
6129.1 1.1468e-16
6130.625 1.0792e-16
6132.15 1.0628e-16
6133.675 1.0206e-16
6135.2 1.0309e-16
6136.725 1.0624e-16
6138.25 1.1239e-16
6139.775 1.1741e-16
6141.3 1.1379e-16
6142.825 1.1241e-16
6144.35 1.1112e-16
6145.875 1.1187e-16
6147.4 1.0772e-16
6148.925 1.0111e-16
6150.45 1.0868e-16
6151.975 1.1399e-16
6153.5 1.1271e-16
6155.025 1.1287e-16
6156.55 1.106e-16
6158.075 1.0727e-16
6159.6 1.0942e-16
6161.125 1.0975e-16
6162.65 1.0471e-16
6164.175 1.0962e-16
6165.7 1.1706e-16
6167.225 1.1477e-16
6168.75 1.1407e-16
6170.275 1.1913e-16
6171.8 1.145e-16
6173.325 1.0641e-16
6174.85 1.1033e-16
6176.375 1.1096e-16
6177.9 1.049e-16
6179.425 1.0636e-16
6180.95 1.0974e-16
6182.475 1.1399e-16
6184.0 1.1862e-16
6185.525 1.1783e-16
6187.05 1.1762e-16
6188.575 1.1362e-16
6190.1 1.112e-16
6191.625 1.1251e-16
6193.15 1.0681e-16
6194.675 1.0744e-16
6196.2 1.1177e-16
6197.725 1.0641e-16
6199.25 1.0675e-16
6200.775 1.1638e-16
6202.3 1.2378e-16
6203.825 1.2083e-16
6205.35 1.1344e-16
6206.875 1.1754e-16
6208.4 1.2385e-16
6209.925 1.1893e-16
6211.45 1.1197e-16
6212.975 1.1232e-16
6214.5 1.0661e-16
6216.025 1.0083e-16
6217.55 1.0929e-16
6219.075 1.1326e-16
6220.6 1.0835e-16
6222.125 1.0543e-16
6223.65 1.0412e-16
6225.175 1.0675e-16
6226.7 1.0917e-16
6228.225 1.0741e-16
6229.75 1.1122e-16
6231.275 1.1246e-16
6232.8 1.0556e-16
6234.325 1.0899e-16
6235.85 1.129e-16
6237.375 1.0521e-16
6238.9 1.0297e-16
6240.425 1.0475e-16
6241.95 1.0544e-16
6243.475 1.0471e-16
6245.0 9.9588e-17
6246.525 1.0589e-16
6248.05 1.2006e-16
6249.575 1.2324e-16
6251.1 1.1792e-16
6252.625 1.1287e-16
6254.15 1.0876e-16
6255.675 1.0694e-16
6257.2 1.0558e-16
6258.725 1.0653e-16
6260.25 1.1344e-16
6261.775 1.1437e-16
6263.3 1.0732e-16
6264.825 1.0811e-16
6266.35 1.1583e-16
6267.875 1.1391e-16
6269.4 1.0926e-16
6270.925 1.0734e-16
6272.45 1.0316e-16
6273.975 1.0407e-16
6275.5 1.0817e-16
6277.025 1.0918e-16
6278.55 1.0549e-16
6280.075 1.0258e-16
6281.6 1.0507e-16
6283.125 1.0339e-16
6284.65 9.889e-17
6286.175 1.0547e-16
6287.7 1.1412e-16
6289.225 1.0918e-16
6290.75 9.9373e-17
6292.275 9.484e-17
6293.8 1.1225e-16
6295.325 1.2414e-16
6296.85 1.0379e-16
6298.375 9.0859e-17
6299.9 1.0646e-16
6301.425 1.2843e-16
6302.95 1.159e-16
6304.475 9.8358e-17
6306.0 1.0732e-16
6307.525 1.1266e-16
6309.05 1.0748e-16
6310.575 1.0695e-16
6312.1 1.0511e-16
6313.625 1.0294e-16
6315.15 1.1038e-16
6316.675 1.1367e-16
6318.2 1.1039e-16
6319.725 1.1478e-16
6321.25 1.1936e-16
6322.775 1.181e-16
6324.3 1.1328e-16
6325.825 1.0597e-16
6327.35 1.0282e-16
6328.875 1.0975e-16
6330.4 1.1911e-16
6331.925 1.1477e-16
6333.45 1.0296e-16
6334.975 1.0592e-16
6336.5 1.1521e-16
6338.025 1.1349e-16
6339.55 1.1039e-16
6341.075 1.1621e-16
6342.6 1.1998e-16
6344.125 1.1515e-16
6345.65 1.1238e-16
6347.175 1.1216e-16
6348.7 1.0833e-16
6350.225 1.0492e-16
6351.75 1.0802e-16
6353.275 1.0973e-16
6354.8 1.0753e-16
6356.325 1.1293e-16
6357.85 1.206e-16
6359.375 1.0975e-16
6360.9 1.0008e-16
6362.425 1.1263e-16
6363.95 1.1885e-16
6365.475 1.0986e-16
6367.0 9.8423e-17
6368.525 1.0562e-16
6370.05 1.1328e-16
6371.575 1.0964e-16
6373.1 1.1824e-16
6374.625 1.2219e-16
6376.15 1.1847e-16
6377.675 1.1464e-16
6379.2 1.0719e-16
6380.725 1.0598e-16
6382.25 1.082e-16
6383.775 1.0417e-16
6385.3 1.0076e-16
6386.825 1.0504e-16
6388.35 1.0836e-16
6389.875 1.0819e-16
6391.4 1.1343e-16
6392.925 1.14e-16
6394.45 1.0928e-16
6395.975 1.1652e-16
6397.5 1.1501e-16
6399.025 1.0932e-16
6400.55 1.1749e-16
6402.075 1.1348e-16
6403.6 1.0116e-16
6405.125 1.0518e-16
6406.65 1.1224e-16
6408.175 1.1475e-16
6409.7 1.2109e-16
6411.225 1.2248e-16
6412.75 1.1418e-16
6414.275 1.1208e-16
6415.8 1.1727e-16
6417.325 1.1973e-16
6418.85 1.1962e-16
6420.375 1.1287e-16
6421.9 1.0463e-16
6423.425 1.0435e-16
6424.95 1.0316e-16
6426.475 1.0068e-16
6428.0 1.0622e-16
6429.525 1.1149e-16
6431.05 1.1116e-16
6432.575 1.0484e-16
6434.1 1.0298e-16
6435.625 1.0462e-16
6437.15 1.081e-16
6438.675 1.1759e-16
6440.2 1.1262e-16
6441.725 1.0624e-16
6443.25 1.1172e-16
6444.775 1.2041e-16
6446.3 1.1972e-16
6447.825 1.1224e-16
6449.35 1.1298e-16
6450.875 1.1439e-16
6452.4 1.1393e-16
6453.925 1.1217e-16
6455.45 1.0876e-16
6456.975 1.0681e-16
6458.5 1.1006e-16
6460.025 1.1715e-16
6461.55 1.1532e-16
6463.075 1.0946e-16
6464.6 1.0855e-16
6466.125 1.0495e-16
6467.65 1.0798e-16
6469.175 1.1074e-16
6470.7 1.0378e-16
6472.225 1.0187e-16
6473.75 1.0209e-16
6475.275 1.0351e-16
6476.8 1.0554e-16
6478.325 9.5614e-17
6479.85 9.5963e-17
6481.375 1.1234e-16
6482.9 1.14e-16
6484.425 1.0631e-16
6485.95 1.0859e-16
6487.475 1.0836e-16
6489.0 1.0591e-16
6490.525 1.1134e-16
6492.05 1.093e-16
6493.575 1.0261e-16
6495.1 9.9135e-17
6496.625 1.0122e-16
6498.15 1.0421e-16
6499.675 1.0831e-16
6501.2 1.1397e-16
6502.725 1.1265e-16
6504.25 1.1184e-16
6505.775 1.0645e-16
6507.3 1.0401e-16
6508.825 1.0755e-16
6510.35 1.115e-16
6511.875 1.1406e-16
6513.4 1.0957e-16
6514.925 1.0223e-16
6516.45 9.9757e-17
6517.975 1.0482e-16
6519.5 1.079e-16
6521.025 1.1005e-16
6522.55 1.0768e-16
6524.075 1.03e-16
6525.6 1.0795e-16
6527.125 1.0638e-16
6528.65 1.0308e-16
6530.175 1.1109e-16
6531.7 1.1221e-16
6533.225 1.0721e-16
6534.75 1.083e-16
6536.275 1.1048e-16
6537.8 1.0989e-16
6539.325 1.134e-16
6540.85 1.1178e-16
6542.375 9.9914e-17
6543.9 9.1007e-17
6545.425 9.5954e-17
6546.95 1.0565e-16
6548.475 1.0494e-16
6550.0 1.0423e-16
6551.525 1.0659e-16
6553.05 1.0894e-16
6554.575 1.0182e-16
6556.1 9.5684e-17
6557.625 1.0553e-16
6559.15 1.0691e-16
6560.675 1.0229e-16
6562.2 1.0475e-16
6563.725 1.0811e-16
6565.25 1.0845e-16
6566.775 1.0859e-16
6568.3 1.1376e-16
6569.825 1.1304e-16
6571.35 1.0274e-16
6572.875 1.0165e-16
6574.4 1.0924e-16
6575.925 1.1177e-16
6577.45 1.0466e-16
6578.975 9.8747e-17
6580.5 1.0266e-16
6582.025 1.0082e-16
6583.55 9.3218e-17
6585.075 9.5641e-17
6586.6 1.0342e-16
6588.125 1.0572e-16
6589.65 1.0329e-16
6591.175 9.9636e-17
6592.7 9.869e-17
6594.225 1.0378e-16
6595.75 1.1325e-16
6597.275 1.1964e-16
6598.8 1.1342e-16
6600.325 1.0585e-16
6601.85 1.0303e-16
6603.375 1.0398e-16
6604.9 1.0712e-16
6606.425 1.0466e-16
6607.95 1.0371e-16
6609.475 1.0558e-16
6611.0 1.0507e-16
6612.525 1.0253e-16
6614.05 1.0168e-16
6615.575 1.0629e-16
6617.1 1.0893e-16
6618.625 1.0694e-16
6620.15 1.1019e-16
6621.675 1.144e-16
6623.2 1.0983e-16
6624.725 1.0106e-16
6626.25 9.6014e-17
6627.775 9.7635e-17
6629.3 1.0105e-16
6630.825 1.0283e-16
6632.35 1.0945e-16
6633.875 1.1296e-16
6635.4 1.0511e-16
6636.925 9.4308e-17
6638.45 9.2906e-17
6639.975 1.0636e-16
6641.5 1.1092e-16
6643.025 1.0202e-16
6644.55 1.0239e-16
6646.075 1.0128e-16
6647.6 9.723e-17
6649.125 1.0352e-16
6650.65 1.0484e-16
6652.175 1.062e-16
6653.7 1.1016e-16
6655.225 1.0364e-16
6656.75 9.4602e-17
6658.275 9.1847e-17
6659.8 1.006e-16
6661.325 1.0613e-16
6662.85 1.0027e-16
6664.375 1.0041e-16
6665.9 1.0572e-16
6667.425 1.0227e-16
6668.95 9.6606e-17
6670.475 1.0069e-16
6672.0 1.0248e-16
6673.525 9.7363e-17
6675.05 9.3752e-17
6676.575 9.362e-17
6678.1 9.8693e-17
6679.625 1.0267e-16
6681.15 1.0212e-16
6682.675 1.0162e-16
6684.2 1.023e-16
6685.725 9.8236e-17
6687.25 9.1131e-17
6688.775 9.0276e-17
6690.3 9.7396e-17
6691.825 1.0291e-16
6693.35 9.8668e-17
6694.875 9.3761e-17
6696.4 9.4176e-17
6697.925 9.605e-17
6699.45 9.8651e-17
6700.975 1.0528e-16
6702.5 1.0427e-16
6704.025 9.5889e-17
6705.55 9.2482e-17
6707.075 8.9183e-17
6708.6 8.6462e-17
6710.125 9.4778e-17
6711.65 1.0583e-16
6713.175 9.8551e-17
6714.7 9.2344e-17
6716.225 1.0013e-16
6717.75 1.0352e-16
6719.275 1.0179e-16
6720.8 9.9898e-17
6722.325 9.735e-17
6723.85 9.661e-17
6725.375 9.4847e-17
6726.9 9.414e-17
6728.425 9.807e-17
6729.95 9.9297e-17
6731.475 1.011e-16
6733.0 1.0491e-16
6734.525 1.0476e-16
6736.05 9.7743e-17
6737.575 9.5528e-17
6739.1 1.0437e-16
6740.625 1.0153e-16
6742.15 8.8406e-17
6743.675 9.1944e-17
6745.2 1.0133e-16
6746.725 1.0037e-16
6748.25 9.7002e-17
6749.775 9.8995e-17
6751.3 9.9476e-17
6752.825 9.4357e-17
6754.35 9.5224e-17
6755.875 9.2675e-17
6757.4 8.7466e-17
6758.925 9.5874e-17
6760.45 1.057e-16
6761.975 1.0115e-16
6763.5 9.474e-17
6765.025 9.2536e-17
6766.55 9.7195e-17
6768.075 1.0123e-16
6769.6 9.6619e-17
6771.125 9.1467e-17
6772.65 9.2778e-17
6774.175 9.872e-17
6775.7 1.0181e-16
6777.225 1.0093e-16
6778.75 9.5007e-17
6780.275 9.1012e-17
6781.8 9.2424e-17
6783.325 9.7047e-17
6784.85 1.0108e-16
6786.375 1.011e-16
6787.9 9.4339e-17
6789.425 9.3082e-17
6790.95 9.9609e-17
6792.475 9.6639e-17
6794.0 9.3647e-17
6795.525 9.7045e-17
6797.05 1.0011e-16
6798.575 9.7401e-17
6800.1 9.3135e-17
6801.625 9.5762e-17
6803.15 9.6627e-17
6804.675 9.335e-17
6806.2 9.377e-17
6807.725 9.9053e-17
6809.25 1.0257e-16
6810.775 9.8031e-17
6812.3 9.0252e-17
6813.825 9.3689e-17
6815.35 9.8814e-17
6816.875 9.6715e-17
6818.4 9.5397e-17
6819.925 9.6724e-17
6821.45 9.8069e-17
6822.975 1.0159e-16
6824.5 1.0359e-16
6826.025 1.0316e-16
6827.55 1.042e-16
6829.075 9.6701e-17
6830.6 8.8612e-17
6832.125 9.2812e-17
6833.65 9.5431e-17
6835.175 9.6719e-17
6836.7 1.0321e-16
6838.225 1.0351e-16
6839.75 1.0153e-16
6841.275 9.7937e-17
6842.8 9.6513e-17
6844.325 1.022e-16
6845.85 1.0237e-16
6847.375 9.7088e-17
6848.9 9.3997e-17
6850.425 9.7558e-17
6851.95 1.0302e-16
6853.475 1.0272e-16
6855.0 1.0185e-16
6856.525 1.0164e-16
6858.05 1.0243e-16
6859.575 1.0184e-16
6861.1 9.5602e-17
6862.625 8.6805e-17
6864.15 8.5716e-17
6865.675 8.4778e-17
6867.2 7.0825e-17
6868.725 6.4425e-17
6870.25 6.9949e-17
6871.775 7.3144e-17
6873.3 7.5754e-17
6874.825 7.9559e-17
6876.35 8.4404e-17
6877.875 8.8802e-17
6879.4 9.3496e-17
6880.925 9.8823e-17
6882.45 9.894e-17
6883.975 8.8787e-17
6885.5 8.2559e-17
6887.025 8.6264e-17
6888.55 8.6064e-17
6890.075 8.616e-17
6891.6 8.3827e-17
6893.125 8.1839e-17
6894.65 8.7751e-17
6896.175 9.2571e-17
6897.7 9.4366e-17
6899.225 9.2604e-17
6900.75 9.2149e-17
6902.275 9.2497e-17
6903.8 9.2607e-17
6905.325 9.3541e-17
6906.85 9.1812e-17
6908.375 9.5258e-17
6909.9 9.663e-17
6911.425 9.2942e-17
6912.95 1.022e-16
6914.475 1.1019e-16
6916.0 1.0343e-16
6917.525 9.8031e-17
6919.05 9.6435e-17
6920.575 9.9584e-17
6922.1 1.0736e-16
6923.625 1.0889e-16
6925.15 1.0423e-16
6926.675 1.0426e-16
6928.2 1.0689e-16
6929.725 1.0359e-16
6931.25 1.029e-16
6932.775 1.0713e-16
6934.3 1.0537e-16
6935.825 9.9968e-17
6937.35 9.6808e-17
6938.875 9.798e-17
6940.4 9.986e-17
6941.925 9.7777e-17
6943.45 9.876e-17
6944.975 1.0148e-16
6946.5 1.0222e-16
6948.025 1.0385e-16
6949.55 1.0743e-16
6951.075 1.0962e-16
6952.6 1.0513e-16
6954.125 9.9796e-17
6955.65 1.0171e-16
6957.175 1.0548e-16
6958.7 1.0694e-16
6960.225 1.1202e-16
6961.75 1.1105e-16
6963.275 1.0544e-16
6964.8 1.0769e-16
6966.325 1.0531e-16
6967.85 9.9487e-17
6969.375 1.0164e-16
6970.9 1.0533e-16
6972.425 1.0487e-16
6973.95 1.0545e-16
6975.475 1.0393e-16
6977.0 1.0603e-16
6978.525 1.0923e-16
6980.05 1.0432e-16
6981.575 1.0149e-16
6983.1 1.034e-16
6984.625 1.0308e-16
6986.15 1.0122e-16
6987.675 1.0107e-16
6989.2 9.8595e-17
6990.725 9.8526e-17
6992.25 1.0293e-16
6993.775 1.0461e-16
6995.3 1.0568e-16
6996.825 1.0769e-16
6998.35 1.1046e-16
6999.875 1.1116e-16
7001.4 1.0788e-16
7002.925 1.0353e-16
7004.45 1.0776e-16
7005.975 1.0668e-16
7007.5 9.9079e-17
7009.025 1.0445e-16
7010.55 1.0874e-16
7012.075 1.0731e-16
7013.6 1.1183e-16
7015.125 1.1143e-16
7016.65 1.0191e-16
7018.175 9.7081e-17
7019.7 1.0115e-16
7021.225 1.0738e-16
7022.75 1.0894e-16
7024.275 1.105e-16
7025.8 1.1103e-16
7027.325 1.0719e-16
7028.85 1.0629e-16
7030.375 1.0457e-16
7031.9 1.0517e-16
7033.425 1.0916e-16
7034.95 1.0555e-16
7036.475 1.0323e-16
7038.0 1.0703e-16
7039.525 1.1094e-16
7041.05 1.12e-16
7042.575 1.0744e-16
7044.1 1.0932e-16
7045.625 1.13e-16
7047.15 1.0502e-16
7048.675 1.031e-16
7050.2 1.1049e-16
7051.725 1.1107e-16
7053.25 1.0494e-16
7054.775 1.0404e-16
7056.3 1.0679e-16
7057.825 1.0553e-16
7059.35 1.0454e-16
7060.875 1.0656e-16
7062.4 1.0645e-16
7063.925 1.0753e-16
7065.45 1.0727e-16
7066.975 1.0688e-16
7068.5 1.1391e-16
7070.025 1.1636e-16
7071.55 1.0884e-16
7073.075 1.0417e-16
7074.6 1.0862e-16
7076.125 1.0964e-16
7077.65 1.0356e-16
7079.175 1.0035e-16
7080.7 9.9572e-17
7082.225 1.0435e-16
7083.75 1.1165e-16
7085.275 1.0819e-16
7086.8 1.0083e-16
7088.325 1.0098e-16
7089.85 1.0736e-16
7091.375 1.1088e-16
7092.9 1.097e-16
7094.425 1.0723e-16
7095.95 1.0892e-16
7097.475 1.1164e-16
7099.0 1.0749e-16
7100.525 1.0599e-16
7102.05 1.0816e-16
7103.575 1.0764e-16
7105.1 1.0987e-16
7106.625 1.13e-16
7108.15 1.1253e-16
7109.675 1.0981e-16
7111.2 1.0584e-16
7112.725 1.0414e-16
7114.25 1.0756e-16
7115.775 1.1328e-16
7117.3 1.1267e-16
7118.825 1.0767e-16
7120.35 1.0344e-16
7121.875 1.0219e-16
7123.4 1.0275e-16
7124.925 1.0546e-16
7126.45 1.0735e-16
7127.975 1.0285e-16
7129.5 1.0396e-16
7131.025 1.1216e-16
7132.55 1.15e-16
7134.075 1.1079e-16
7135.6 1.0391e-16
7137.125 1.0464e-16
7138.65 1.0747e-16
7140.175 1.0596e-16
7141.7 1.0782e-16
7143.225 1.1079e-16
7144.75 1.0932e-16
7146.275 1.021e-16
7147.8 9.9363e-17
7149.325 1.0362e-16
7150.85 1.0534e-16
7152.375 1.0142e-16
7153.9 9.8116e-17
7155.425 1.0101e-16
7156.95 1.0443e-16
7158.475 1.017e-16
7160.0 9.6328e-17
7161.525 9.5953e-17
7163.05 9.4069e-17
7164.575 9.1981e-17
7166.1 1.0076e-16
7167.625 1.045e-16
7169.15 9.6039e-17
7170.675 9.5947e-17
7172.2 9.7901e-17
7173.725 9.7299e-17
7175.25 1.0026e-16
7176.775 1.0119e-16
7178.3 9.5759e-17
7179.825 8.7739e-17
7181.35 9.1007e-17
7182.875 9.637e-17
7184.4 9.5252e-17
7185.925 9.6253e-17
7187.45 9.6519e-17
7188.975 9.6143e-17
7190.5 9.5233e-17
7192.025 9.0178e-17
7193.55 9.1705e-17
7195.075 9.6571e-17
7196.6 9.3909e-17
7198.125 9.2161e-17
7199.65 9.725e-17
7201.175 9.8932e-17
7202.7 9.657e-17
7204.225 9.445e-17
7205.75 9.7904e-17
7207.275 1.0348e-16
7208.8 9.9856e-17
7210.325 9.9924e-17
7211.85 1.0635e-16
7213.375 1.1117e-16
7214.9 1.1213e-16
7216.425 1.0445e-16
7217.95 9.7779e-17
7219.475 1.0099e-16
7221.0 1.0271e-16
7222.525 1.0075e-16
7224.05 1.0177e-16
7225.575 9.9948e-17
7227.1 9.6156e-17
7228.625 9.7582e-17
7230.15 9.9597e-17
7231.675 9.6274e-17
7233.2 9.4439e-17
7234.725 9.9107e-17
7236.25 9.9895e-17
7237.775 9.515e-17
7239.3 9.546e-17
7240.825 9.5149e-17
7242.35 9.3588e-17
7243.875 9.5155e-17
7245.4 9.5681e-17
7246.925 9.7399e-17
7248.45 9.5334e-17
7249.975 9.0024e-17
7251.5 9.3e-17
7253.025 9.9301e-17
7254.55 9.6232e-17
7256.075 9.2216e-17
7257.6 9.7014e-17
7259.125 9.8689e-17
7260.65 9.5594e-17
7262.175 9.3749e-17
7263.7 9.1315e-17
7265.225 9.2767e-17
7266.75 9.6051e-17
7268.275 9.6646e-17
7269.8 9.6341e-17
7271.325 9.5479e-17
7272.85 9.4191e-17
7274.375 9.2917e-17
7275.9 9.1254e-17
7277.425 9.2831e-17
7278.95 1.0077e-16
7280.475 1.0124e-16
7282.0 9.0868e-17
7283.525 8.8858e-17
7285.05 9.2141e-17
7286.575 8.9656e-17
7288.1 9.1212e-17
7289.625 9.3629e-17
7291.15 9.0771e-17
7292.675 9.4961e-17
7294.2 9.8185e-17
7295.725 9.2854e-17
7297.25 8.9855e-17
7298.775 9.361e-17
7300.3 9.8598e-17
7301.825 9.6719e-17
7303.35 9.1537e-17
7304.875 9.126e-17
7306.4 9.3501e-17
7307.925 9.3712e-17
7309.45 9.3586e-17
7310.975 9.4233e-17
7312.5 9.6512e-17
7314.025 9.5585e-17
7315.55 9.282e-17
7317.075 9.325e-17
7318.6 9.6891e-17
7320.125 1.0125e-16
7321.65 9.6936e-17
7323.175 9.3762e-17
7324.7 1.0205e-16
7326.225 9.4601e-17
7327.75 8.3883e-17
7329.275 9.2022e-17
7330.8 9.5376e-17
7332.325 8.9656e-17
7333.85 9.465e-17
7335.375 1.0162e-16
7336.9 9.5564e-17
7338.425 9.0814e-17
7339.95 9.1714e-17
7341.475 8.8637e-17
7343.0 8.7715e-17
7344.525 9.3217e-17
7346.05 9.2878e-17
7347.575 9.1098e-17
7349.1 8.991e-17
7350.625 9.1881e-17
7352.15 9.9611e-17
7353.675 1.0274e-16
7355.2 1.0142e-16
7356.725 9.8967e-17
7358.25 9.4732e-17
7359.775 9.6681e-17
7361.3 9.8281e-17
7362.825 9.4227e-17
7364.35 9.2453e-17
7365.875 9.2615e-17
7367.4 9.5242e-17
7368.925 9.6129e-17
7370.45 9.6633e-17
7371.975 9.2619e-17
7373.5 8.9461e-17
7375.025 8.8848e-17
7376.55 9.0362e-17
7378.075 9.1479e-17
7379.6 8.7336e-17
7381.125 8.5869e-17
7382.65 8.9945e-17
7384.175 9.4211e-17
7385.7 9.3767e-17
7387.225 9.514e-17
7388.75 9.7685e-17
7390.275 9.5941e-17
7391.8 9.3765e-17
7393.325 9.5536e-17
7394.85 9.7366e-17
7396.375 9.8632e-17
7397.9 1.012e-16
7399.425 9.8073e-17
7400.95 9.1533e-17
7402.475 8.7343e-17
7404.0 8.6344e-17
7405.525 8.9063e-17
7407.05 9.1348e-17
7408.575 8.7983e-17
7410.1 8.3518e-17
7411.625 8.9343e-17
7413.15 9.7254e-17
7414.675 9.6731e-17
7416.2 9.4382e-17
7417.725 9.186e-17
7419.25 8.8391e-17
7420.775 9.1251e-17
7422.3 9.6657e-17
7423.825 9.6138e-17
7425.35 9.3202e-17
7426.875 9.0632e-17
7428.4 9.1e-17
7429.925 9.2087e-17
7431.45 8.9752e-17
7432.975 8.8074e-17
7434.5 8.9465e-17
7436.025 9.1923e-17
7437.55 8.7736e-17
7439.075 8.2852e-17
7440.6 8.6547e-17
7442.125 8.9198e-17
7443.65 9.0796e-17
7445.175 9.055e-17
7446.7 8.6263e-17
7448.225 8.6164e-17
7449.75 8.8394e-17
7451.275 9.1809e-17
7452.8 9.9514e-17
7454.325 9.7129e-17
7455.85 9.0895e-17
7457.375 9.1975e-17
7458.9 9.2818e-17
7460.425 9.2521e-17
7461.95 8.7165e-17
7463.475 8.304e-17
7465.0 8.5759e-17
7466.525 9.0783e-17
7468.05 9.7435e-17
7469.575 9.8101e-17
7471.1 9.0112e-17
7472.625 8.6696e-17
7474.15 9.3051e-17
7475.675 9.989e-17
7477.2 9.6031e-17
7478.725 8.2798e-17
7480.25 8.2421e-17
7481.775 8.7808e-17
7483.3 8.4364e-17
7484.825 8.2729e-17
7486.35 8.3467e-17
7487.875 8.7363e-17
7489.4 9.0541e-17
7490.925 8.4755e-17
7492.45 8.4307e-17
7493.975 8.993e-17
7495.5 9.2285e-17
7497.025 9.2416e-17
7498.55 8.9175e-17
7500.075 8.6687e-17
7501.6 8.6719e-17
7503.125 9.1533e-17
7504.65 9.5424e-17
7506.175 8.8817e-17
7507.7 7.9348e-17
7509.225 7.9236e-17
7510.75 8.744e-17
7512.275 8.4072e-17
7513.8 7.6059e-17
7515.325 7.7257e-17
7516.85 8.3142e-17
7518.375 9.0463e-17
7519.9 9.4273e-17
7521.425 9.1012e-17
7522.95 8.2799e-17
7524.475 8.2629e-17
7526.0 8.4663e-17
7527.525 8.1411e-17
7529.05 8.0997e-17
7530.575 8.288e-17
7532.1 8.1416e-17
7533.625 8.2229e-17
7535.15 8.5114e-17
7536.675 8.4301e-17
7538.2 8.1834e-17
7539.725 7.7667e-17
7541.25 7.7722e-17
7542.775 8.057e-17
7544.3 8.3582e-17
7545.825 8.4586e-17
7547.35 8.3892e-17
7548.875 8.8507e-17
7550.4 8.723e-17
7551.925 8.103e-17
7553.45 8.2937e-17
7554.975 8.8485e-17
7556.5 8.7097e-17
7558.025 8.064e-17
7559.55 7.9865e-17
7561.075 8.3981e-17
7562.6 8.2505e-17
7564.125 7.7842e-17
7565.65 7.9696e-17
7567.175 8.0848e-17
7568.7 7.9481e-17
7570.225 8.3829e-17
7571.75 8.7201e-17
7573.275 8.4031e-17
7574.8 8.2282e-17
7576.325 7.8622e-17
7577.85 7.2522e-17
7579.375 7.1131e-17
7580.9 7.3758e-17
7582.425 7.8058e-17
7583.95 8.1869e-17
7585.475 8.1809e-17
7587.0 8.2264e-17
7588.525 7.5e-17
7590.05 6.3028e-17
7591.575 6.2731e-17
7593.1 5.6007e-17
7594.625 4.3638e-17
7596.15 3.582e-17
7597.675 2.9579e-17
7599.2 2.6659e-17
7600.725 2.4467e-17
7602.25 2.1425e-17
7603.775 2.1352e-17
7605.3 2.6195e-17
7606.825 3.051e-17
7608.35 3.0918e-17
7609.875 3.4668e-17
7611.4 4.0957e-17
7612.925 4.556e-17
7614.45 5.2038e-17
7615.975 5.7265e-17
7617.5 5.6914e-17
7619.025 5.3651e-17
7620.55 4.8288e-17
7622.075 4.14e-17
7623.6 4.3245e-17
7625.125 4.8159e-17
7626.65 4.1731e-17
7628.175 4.0189e-17
7629.7 4.8527e-17
7631.225 4.9564e-17
7632.75 4.8794e-17
7634.275 5.1166e-17
7635.8 5.2826e-17
7637.325 5.1218e-17
7638.85 4.7348e-17
7640.375 5.0184e-17
7641.9 5.667e-17
7643.425 5.7314e-17
7644.95 5.2775e-17
7646.475 5.711e-17
7648.0 6.49e-17
7649.525 6.1317e-17
7651.05 6.1455e-17
7652.575 6.593e-17
7654.1 6.4106e-17
7655.625 6.5081e-17
7657.15 6.5631e-17
7658.675 6.2087e-17
7660.2 6.6977e-17
7661.725 7.6313e-17
7663.25 7.517e-17
7664.775 7.0469e-17
7666.3 6.9388e-17
7667.825 7.0797e-17
7669.35 7.4595e-17
7670.875 7.7567e-17
7672.4 8.031e-17
7673.925 8.2371e-17
7675.45 8.0915e-17
7676.975 7.8054e-17
7678.5 7.8707e-17
7680.025 7.9157e-17
7681.55 7.9328e-17
7683.075 8.2723e-17
7684.6 8.1362e-17
7686.125 8.0681e-17
7687.65 8.5178e-17
7689.175 8.3372e-17
7690.7 8.0758e-17
7692.225 8.3496e-17
7693.75 8.2196e-17
7695.275 7.9218e-17
7696.8 8.2282e-17
7698.325 8.33e-17
7699.85 7.768e-17
7701.375 7.4542e-17
7702.9 7.3138e-17
7704.425 7.1816e-17
7705.95 7.761e-17
7707.475 8.2475e-17
7709.0 8.1895e-17
7710.525 8.3524e-17
7712.05 8.3266e-17
7713.575 7.5352e-17
7715.1 7.3099e-17
7716.625 8.2923e-17
7718.15 8.9632e-17
7719.675 8.4561e-17
7721.2 7.4572e-17
7722.725 7.4096e-17
7724.25 8.1676e-17
7725.775 7.9482e-17
7727.3 7.8359e-17
7728.825 7.9983e-17
7730.35 8.0715e-17
7731.875 8.4279e-17
7733.4 8.3947e-17
7734.925 7.8303e-17
7736.45 7.1952e-17
7737.975 7.2454e-17
7739.5 7.9161e-17
7741.025 8.167e-17
7742.55 7.8539e-17
7744.075 8.168e-17
7745.6 8.5003e-17
7747.125 7.6899e-17
7748.65 7.3446e-17
7750.175 8.0394e-17
7751.7 7.8829e-17
7753.225 6.934e-17
7754.75 6.6986e-17
7756.275 6.7187e-17
7757.8 7.2306e-17
7759.325 8.2465e-17
7760.85 8.4575e-17
7762.375 7.7237e-17
7763.9 7.6908e-17
7765.425 8.0912e-17
7766.95 7.4846e-17
7768.475 7.5647e-17
7770.0 8.4618e-17
7771.525 8.2323e-17
7773.05 7.3042e-17
7774.575 7.2865e-17
7776.1 7.4144e-17
7777.625 7.4671e-17
7779.15 7.1423e-17
7780.675 6.7039e-17
7782.2 7.2606e-17
7783.725 7.9745e-17
7785.25 7.9633e-17
7786.775 8.1396e-17
7788.3 8.0328e-17
7789.825 7.2364e-17
7791.35 7.0632e-17
7792.875 7.1484e-17
7794.4 6.9546e-17
7795.925 7.1684e-17
7797.45 7.5494e-17
7798.975 7.248e-17
7800.5 7.3589e-17
7802.025 7.4831e-17
7803.55 7.3537e-17
7805.075 7.7268e-17
7806.6 7.5587e-17
7808.125 7.4788e-17
7809.65 7.5996e-17
7811.175 7.0142e-17
7812.7 7.0097e-17
7814.225 7.7613e-17
7815.75 8.0471e-17
7817.275 7.9671e-17
7818.8 7.8191e-17
7820.325 7.9021e-17
7821.85 8.408e-17
7823.375 8.4773e-17
7824.9 7.9191e-17
7826.425 7.3438e-17
7827.95 7.2763e-17
7829.475 7.6156e-17
7831.0 7.5524e-17
7832.525 7.0779e-17
7834.05 6.8634e-17
7835.575 7.4758e-17
7837.1 8.3006e-17
7838.625 8.2175e-17
7840.15 7.4287e-17
7841.675 6.9399e-17
7843.2 7.3389e-17
7844.725 7.439e-17
7846.25 7.2712e-17
7847.775 7.4197e-17
7849.3 7.78e-17
7850.825 7.2339e-17
7852.35 6.3654e-17
7853.875 6.6079e-17
7855.4 7.041e-17
7856.925 6.9298e-17
7858.45 6.7968e-17
7859.975 7.0776e-17
7861.5 7.1473e-17
7863.025 6.7418e-17
7864.55 7.0484e-17
7866.075 8.1349e-17
7867.6 8.2188e-17
7869.125 7.6711e-17
7870.65 7.3171e-17
7872.175 7.3879e-17
7873.7 7.3444e-17
7875.225 7.6101e-17
7876.75 8.2335e-17
7878.275 8.2137e-17
7879.8 7.5251e-17
7881.325 7.2585e-17
7882.85 7.6147e-17
7884.375 7.1904e-17
7885.9 7.1387e-17
7887.425 7.4236e-17
7888.95 7.0324e-17
7890.475 7.182e-17
7892.0 7.3767e-17
7893.525 7.2146e-17
7895.05 7.3376e-17
7896.575 7.6292e-17
7898.1 7.5624e-17
7899.625 7.2929e-17
7901.15 7.181e-17
7902.675 7.0486e-17
7904.2 6.9985e-17
7905.725 7.3139e-17
7907.25 8.1253e-17
7908.775 8.8597e-17
7910.3 8.4092e-17
7911.825 7.7751e-17
7913.35 8.1863e-17
7914.875 8.5141e-17
7916.4 8.3418e-17
7917.925 7.9813e-17
7919.45 7.7761e-17
7920.975 8.2934e-17
7922.5 8.4743e-17
7924.025 7.7861e-17
7925.55 7.4837e-17
7927.075 7.7401e-17
7928.6 8.0177e-17
7930.125 7.9947e-17
7931.65 7.9792e-17
7933.175 7.9219e-17
7934.7 7.3018e-17
7936.225 7.1169e-17
7937.75 7.3042e-17
7939.275 7.0462e-17
7940.8 7.1599e-17
7942.325 7.4637e-17
7943.85 7.4641e-17
7945.375 7.8729e-17
7946.9 8.2318e-17
7948.425 7.734e-17
7949.95 7.4277e-17
7951.475 7.4439e-17
7953.0 7.0511e-17
7954.525 7.1854e-17
7956.05 7.6528e-17
7957.575 7.7263e-17
7959.1 8.0229e-17
7960.625 8.0122e-17
7962.15 7.5687e-17
7963.675 8.3702e-17
7965.2 9.0813e-17
7966.725 8.0306e-17
7968.25 7.214e-17
7969.775 7.4463e-17
7971.3 7.8146e-17
7972.825 8.4241e-17
7974.35 8.5686e-17
7975.875 7.6455e-17
7977.4 7.1094e-17
7978.925 7.6684e-17
7980.45 7.5711e-17
7981.975 7.3779e-17
7983.5 7.5853e-17
7985.025 7.0683e-17
7986.55 7.5887e-17
7988.075 8.6388e-17
7989.6 8.2722e-17
7991.125 7.4767e-17
7992.65 7.2522e-17
7994.175 7.5079e-17
7995.7 7.452e-17
7997.225 6.9552e-17
7998.75 7.3906e-17
8000.275 7.471e-17
8001.8 7.3606e-17
8003.325 7.679e-17
8004.85 7.5061e-17
8006.375 6.9831e-17
8007.9 7.4277e-17
8009.425 7.8765e-17
8010.95 7.394e-17
8012.475 7.4797e-17
8014.0 8.1301e-17
8015.525 8.1035e-17
8017.05 7.1789e-17
8018.575 6.7923e-17
8020.1 7.0879e-17
8021.625 7.0658e-17
8023.15 7.0359e-17
8024.675 6.7777e-17
8026.2 6.7883e-17
8027.725 7.5863e-17
8029.25 7.7381e-17
8030.775 7.3142e-17
8032.3 7.3229e-17
8033.825 7.5409e-17
8035.35 7.4991e-17
8036.875 7.8224e-17
8038.4 8.011e-17
8039.925 7.6546e-17
8041.45 7.0798e-17
8042.975 6.749e-17
8044.5 7.2619e-17
8046.025 7.5983e-17
8047.55 7.3607e-17
8049.075 7.744e-17
8050.6 7.9348e-17
8052.125 7.4324e-17
8053.65 7.4133e-17
8055.175 7.6186e-17
8056.7 7.0767e-17
8058.225 6.6223e-17
8059.75 7.462e-17
8061.275 7.8348e-17
8062.8 7.3142e-17
8064.325 7.2779e-17
8065.85 7.4296e-17
8067.375 7.6731e-17
8068.9 7.9022e-17
8070.425 7.6869e-17
8071.95 7.7223e-17
8073.475 8.083e-17
8075.0 8.2009e-17
8076.525 8.2042e-17
8078.05 8.1467e-17
8079.575 7.562e-17
8081.1 6.802e-17
8082.625 6.5683e-17
8084.15 6.8059e-17
8085.675 6.9736e-17
8087.2 6.7034e-17
8088.725 6.7602e-17
8090.25 7.448e-17
8091.775 7.7595e-17
8093.3 6.9183e-17
8094.825 6.8597e-17
8096.35 8.1017e-17
8097.875 8.1202e-17
8099.4 7.0387e-17
8100.925 6.2399e-17
8102.45 6.6081e-17
8103.975 7.5436e-17
8105.5 7.5077e-17
8107.025 7.1911e-17
8108.55 6.9066e-17
8110.075 6.5854e-17
8111.6 6.8469e-17
8113.125 7.628e-17
8114.65 7.5892e-17
8116.175 7.11e-17
8117.7 6.9388e-17
8119.225 6.5834e-17
8120.75 6.9156e-17
8122.275 7.7638e-17
8123.8 7.4916e-17
8125.325 6.8358e-17
8126.85 7.1778e-17
8128.375 7.2095e-17
8129.9 6.6797e-17
8131.425 6.8885e-17
8132.95 7.2903e-17
8134.475 7.1288e-17
8136.0 6.5422e-17
8137.525 6.5431e-17
8139.05 6.8624e-17
8140.575 6.8176e-17
8142.1 7.2243e-17
8143.625 7.0465e-17
8145.15 6.5011e-17
8146.675 6.8917e-17
8148.2 7.3834e-17
8149.725 7.2161e-17
8151.25 7.3322e-17
8152.775 7.4671e-17
8154.3 6.4862e-17
8155.825 6.0271e-17
8157.35 6.7635e-17
8158.875 6.9398e-17
8160.4 6.2386e-17
8161.925 5.779e-17
8163.45 5.8785e-17
8164.975 6.4183e-17
8166.5 6.9486e-17
8168.025 6.7732e-17
8169.55 6.1784e-17
8171.075 6.2922e-17
8172.6 6.7934e-17
8174.125 6.2753e-17
8175.65 5.828e-17
8177.175 6.7387e-17
8178.7 7.7274e-17
8180.225 7.9535e-17
8181.75 7.9931e-17
8183.275 7.4937e-17
8184.8 6.376e-17
8186.325 6.0445e-17
8187.85 6.6196e-17
8189.375 6.9195e-17
8190.9 6.8903e-17
8192.425 7.107e-17
8193.95 6.7194e-17
8195.475 6.3079e-17
8197.0 6.8742e-17
8198.525 7.0652e-17
8200.05 6.6042e-17
8201.575 6.2625e-17
8203.1 6.528e-17
8204.625 6.8179e-17
8206.15 6.905e-17
8207.675 7.1194e-17
8209.2 7.5128e-17
8210.725 7.5058e-17
8212.25 6.8935e-17
8213.775 6.8101e-17
8215.3 6.7061e-17
8216.825 6.3992e-17
8218.35 6.8745e-17
8219.875 7.1024e-17
8221.4 6.3196e-17
8222.925 6.08e-17
8224.45 5.9475e-17
8225.975 5.6842e-17
8227.5 5.8169e-17
8229.025 5.9713e-17
8230.55 6.0358e-17
8232.075 6.2634e-17
8233.6 6.5192e-17
8235.125 6.5857e-17
8236.65 6.6169e-17
8238.175 6.9313e-17
8239.7 7.1051e-17
8241.225 6.8034e-17
8242.75 6.5346e-17
8244.275 6.8306e-17
8245.8 7.3102e-17
8247.325 7.261e-17
8248.85 7.0076e-17
8250.375 6.6558e-17
8251.9 6.5364e-17
8253.425 6.7636e-17
8254.95 7.1254e-17
8256.475 7.3021e-17
8258.0 6.8324e-17
8259.525 6.6165e-17
8261.05 6.6024e-17
8262.575 6.3391e-17
8264.1 6.8244e-17
8265.625 7.1e-17
8267.15 6.5899e-17
8268.675 6.7602e-17
8270.2 6.5963e-17
8271.725 5.7559e-17
8273.25 6.1359e-17
8274.775 7.1115e-17
8276.3 6.7423e-17
8277.825 6.2862e-17
8279.35 6.1159e-17
8280.875 6.1042e-17
8282.4 6.6386e-17
8283.925 5.9887e-17
8285.45 5.5051e-17
8286.975 6.3837e-17
8288.5 7.0457e-17
8290.025 6.7142e-17
8291.55 6.277e-17
8293.075 6.4469e-17
8294.6 6.1816e-17
8296.125 6.7039e-17
8297.65 7.1723e-17
8299.175 6.0327e-17
8300.7 6.0152e-17
8302.225 6.6105e-17
8303.75 6.2916e-17
8305.275 6.1353e-17
8306.8 6.4461e-17
8308.325 7.0634e-17
8309.85 6.9627e-17
8311.375 6.2674e-17
8312.9 5.8561e-17
8314.425 5.5663e-17
8315.95 5.6068e-17
8317.475 6.3213e-17
8319.0 6.6002e-17
8320.525 6.1268e-17
8322.05 6.1201e-17
8323.575 6.3145e-17
8325.1 6.2578e-17
8326.625 6.8812e-17
8328.15 7.1073e-17
8329.675 6.5722e-17
8331.2 6.4648e-17
8332.725 6.28e-17
8334.25 5.9775e-17
8335.775 6.1165e-17
8337.3 6.6153e-17
8338.825 7.3891e-17
8340.35 7.7338e-17
8341.875 6.922e-17
8343.4 5.9087e-17
8344.925 6.1423e-17
8346.45 6.8924e-17
8347.975 6.661e-17
8349.5 5.8459e-17
8351.025 5.2826e-17
8352.55 6.0981e-17
8354.075 6.9948e-17
8355.6 6.5706e-17
8357.125 6.6495e-17
8358.65 6.6309e-17
8360.175 6.3686e-17
8361.7 6.9211e-17
8363.225 7.0965e-17
8364.75 6.3246e-17
8366.275 5.8958e-17
8367.8 6.5096e-17
8369.325 6.9528e-17
8370.85 6.5571e-17
8372.375 5.9403e-17
8373.9 5.8522e-17
8375.425 6.2702e-17
8376.95 6.7015e-17
8378.475 6.6175e-17
8380.0 6.0082e-17
8381.525 5.8423e-17
8383.05 6.1143e-17
8384.575 5.9541e-17
8386.1 5.9853e-17
8387.625 6.4215e-17
8389.15 6.3293e-17
8390.675 6.0803e-17
8392.2 6.6171e-17
8393.725 7.3619e-17
8395.25 7.482e-17
8396.775 7.199e-17
8398.3 6.7085e-17
8399.825 6.7574e-17
8401.35 7.1597e-17
8402.875 6.5594e-17
8404.4 6.0185e-17
8405.925 5.8864e-17
8407.45 5.9442e-17
8408.975 6.6992e-17
8410.5 6.8681e-17
8412.025 6.4231e-17
8413.55 6.5141e-17
8415.075 7.0214e-17
8416.6 6.6242e-17
8418.125 6.1785e-17
8419.65 6.2256e-17
8421.175 5.3988e-17
8422.7 5.4265e-17
8424.225 7.2537e-17
8425.75 8.2205e-17
8427.275 7.7432e-17
8428.8 7.2095e-17
8430.325 8.365e-17
8431.85 8.0918e-17
8433.375 5.9568e-17
8434.9 5.6479e-17
8436.425 5.6787e-17
8437.95 5.8061e-17
8439.475 6.3273e-17
8441.0 6.2764e-17
8442.525 6.2117e-17
8444.05 6.0561e-17
8445.575 6.3067e-17
8447.1 6.9574e-17
8448.625 6.7692e-17
8450.15 5.8368e-17
8451.675 5.7449e-17
8453.2 6.0527e-17
8454.725 6.2537e-17
8456.25 6.2516e-17
8457.775 6.3054e-17
8459.3 7.4667e-17
8460.825 8.2396e-17
8462.35 7.3656e-17
8463.875 7.1705e-17
8465.4 7.6667e-17
8466.925 6.9181e-17
8468.45 6.4215e-17
8469.975 6.6971e-17
8471.5 6.6927e-17
8473.025 6.1951e-17
8474.55 5.8686e-17
8476.075 6.3342e-17
8477.6 7.0055e-17
8479.125 6.759e-17
8480.65 6.6832e-17
8482.175 6.6069e-17
8483.7 6.0887e-17
8485.225 6.5113e-17
8486.75 6.7373e-17
8488.275 6.4322e-17
8489.8 6.8221e-17
8491.325 7.1181e-17
8492.85 6.5682e-17
8494.375 6.2961e-17
8495.9 6.3971e-17
8497.425 6.421e-17
8498.95 6.6679e-17
8500.475 6.9801e-17
8502.0 6.8114e-17
8503.525 6.3152e-17
8505.05 6.5086e-17
8506.575 6.6441e-17
8508.1 5.8804e-17
8509.625 5.6703e-17
8511.15 6.2595e-17
8512.675 6.2824e-17
8514.2 5.6463e-17
8515.725 5.79e-17
8517.25 6.6377e-17
8518.775 6.6157e-17
8520.3 6.0239e-17
8521.825 6.0366e-17
8523.35 6.3542e-17
8524.875 6.4515e-17
8526.4 6.6496e-17
8527.925 7.0717e-17
8529.45 6.5586e-17
8530.975 5.8378e-17
8532.5 5.9784e-17
8534.025 6.3263e-17
8535.55 6.6658e-17
8537.075 6.7875e-17
8538.6 6.6026e-17
8540.125 6.1235e-17
8541.65 5.9968e-17
8543.175 6.3151e-17
8544.7 6.5008e-17
8546.225 6.5846e-17
8547.75 6.5529e-17
8549.275 6.4909e-17
8550.8 6.5541e-17
8552.325 6.288e-17
8553.85 6.4019e-17
8555.375 6.4681e-17
8556.9 5.9858e-17
8558.425 5.8194e-17
8559.95 5.5382e-17
8561.475 5.3655e-17
8563.0 5.7946e-17
8564.525 6.3034e-17
8566.05 6.0998e-17
8567.575 5.9285e-17
8569.1 6.1105e-17
8570.625 5.8816e-17
8572.15 5.5272e-17
8573.675 5.3598e-17
8575.2 5.7377e-17
8576.725 6.4691e-17
8578.25 6.6723e-17
8579.775 6.2708e-17
8581.3 6.098e-17
8582.825 6.3977e-17
8584.35 6.6765e-17
8585.875 6.2593e-17
8587.4 6.1388e-17
8588.925 6.4244e-17
8590.45 6.2342e-17
8591.975 6.3729e-17
8593.5 6.6254e-17
8595.025 6.4188e-17
8596.55 6.1359e-17
8598.075 6.3689e-17
8599.6 6.5763e-17
8601.125 6.1039e-17
8602.65 5.7948e-17
8604.175 6.173e-17
8605.7 6.3258e-17
8607.225 5.8904e-17
8608.75 5.7981e-17
8610.275 5.9971e-17
8611.8 6.1606e-17
8613.325 6.5383e-17
8614.85 6.4536e-17
8616.375 6.3245e-17
8617.9 6.561e-17
8619.425 6.0351e-17
8620.95 5.8272e-17
8622.475 6.623e-17
8624.0 6.8732e-17
8625.525 6.4684e-17
8627.05 6.3115e-17
8628.575 6.5884e-17
8630.1 6.3079e-17
8631.625 5.9054e-17
8633.15 5.9799e-17
8634.675 5.532e-17
8636.2 5.2723e-17
8637.725 5.7474e-17
8639.25 6.1352e-17
8640.775 6.2293e-17
8642.3 6.5453e-17
8643.825 6.6997e-17
8645.35 6.2607e-17
8646.875 5.9406e-17
8648.4 6.2153e-17
8649.925 6.082e-17
8651.45 6.1332e-17
8652.975 6.619e-17
8654.5 6.5579e-17
8656.025 6.138e-17
8657.55 5.6753e-17
8659.075 6.2396e-17
8660.6 7.016e-17
8662.125 6.6202e-17
8663.65 6.4883e-17
8665.175 6.9086e-17
8666.7 6.3953e-17
8668.225 5.6557e-17
8669.75 5.9886e-17
8671.275 6.1178e-17
8672.8 6.1703e-17
8674.325 6.3878e-17
8675.85 6.3672e-17
8677.375 5.9866e-17
8678.9 5.7679e-17
8680.425 6.2044e-17
8681.95 6.534e-17
8683.475 6.4126e-17
8685.0 6.346e-17
8686.525 6.8351e-17
8688.05 6.4403e-17
8689.575 5.9729e-17
8691.1 6.6247e-17
8692.625 6.4626e-17
8694.15 5.9167e-17
8695.675 6.4606e-17
8697.2 6.7716e-17
8698.725 5.9961e-17
8700.25 5.753e-17
8701.775 6.2203e-17
8703.3 6.1643e-17
8704.825 6.0959e-17
8706.35 6.6357e-17
8707.875 6.4611e-17
8709.4 6.2041e-17
8710.925 6.7869e-17
8712.45 6.6262e-17
8713.975 5.9366e-17
8715.5 5.9725e-17
8717.025 6.2269e-17
8718.55 6.0766e-17
8720.075 5.8009e-17
8721.6 5.8356e-17
8723.125 6.0848e-17
8724.65 6.0667e-17
8726.175 6.327e-17
8727.7 6.7795e-17
8729.225 6.5785e-17
8730.75 6.1395e-17
8732.275 5.9154e-17
8733.8 5.5905e-17
8735.325 6.0388e-17
8736.85 6.7231e-17
8738.375 6.3524e-17
8739.9 6.2696e-17
8741.425 6.418e-17
8742.95 6.1022e-17
8744.475 6.3007e-17
8746.0 6.2517e-17
8747.525 6.0944e-17
8749.05 6.4581e-17
8750.575 6.3627e-17
8752.1 6.2971e-17
8753.625 6.1334e-17
8755.15 6.0851e-17
8756.675 6.2017e-17
8758.2 6.0951e-17
8759.725 5.9608e-17
8761.25 7.5089e-17
8762.775 8.9084e-17
8764.3 7.0196e-17
8765.825 5.4585e-17
8767.35 6.4198e-17
8768.875 7.0734e-17
8770.4 6.2392e-17
8771.925 6.3031e-17
8773.45 6.8268e-17
8774.975 6.9933e-17
8776.5 6.2069e-17
8778.025 6.0824e-17
8779.55 7.3652e-17
8781.075 6.711e-17
8782.6 5.485e-17
8784.125 5.8918e-17
8785.65 6.1528e-17
8787.175 6.0286e-17
8788.7 6.5588e-17
8790.225 6.6829e-17
8791.75 6.9435e-17
8793.275 7.2292e-17
8794.8 6.2142e-17
8796.325 5.7604e-17
8797.85 5.9276e-17
8799.375 5.6711e-17
8800.9 5.5429e-17
8802.425 6.043e-17
8803.95 6.8606e-17
8805.475 6.5857e-17
8807.0 5.8623e-17
8808.525 6.3167e-17
8810.05 6.6529e-17
8811.575 6.291e-17
8813.1 6.519e-17
8814.625 6.4567e-17
8816.15 5.7417e-17
8817.675 5.431e-17
8819.2 6.5098e-17
8820.725 8.4285e-17
8822.25 9.1569e-17
8823.775 8.0673e-17
8825.3 5.7195e-17
8826.825 5.449e-17
8828.35 6.9317e-17
8829.875 6.4793e-17
8831.4 6.0116e-17
8832.925 6.2991e-17
8834.45 6.749e-17
8835.975 7.2717e-17
8837.5 7.0112e-17
8839.025 6.5818e-17
8840.55 6.2544e-17
8842.075 6.161e-17
8843.6 6.9012e-17
8845.125 7.6723e-17
8846.65 6.9405e-17
8848.175 6.154e-17
8849.7 6.4382e-17
8851.225 6.6643e-17
8852.75 6.2877e-17
8854.275 6.031e-17
8855.8 6.6519e-17
8857.325 6.3462e-17
8858.85 5.7279e-17
8860.375 6.4703e-17
8861.9 7.7033e-17
8863.425 8.0288e-17
8864.95 7.2328e-17
8866.475 6.1398e-17
8868.0 6.4546e-17
8869.525 6.6705e-17
8871.05 6.3865e-17
8872.575 6.3751e-17
8874.1 6.1492e-17
8875.625 6.1568e-17
8877.15 5.7861e-17
8878.675 6.7414e-17
8880.2 9.4932e-17
8881.725 9.1147e-17
8883.25 6.3154e-17
8884.775 6.1476e-17
8886.3 8.3107e-17
8887.825 6.9373e-17
8889.35 4.7852e-17
8890.875 5.9187e-17
8892.4 6.4557e-17
8893.925 6.03e-17
8895.45 6.2341e-17
8896.975 7.1562e-17
8898.5 6.8297e-17
8900.025 6.1195e-17
8901.55 6.6011e-17
8903.075 6.8297e-17
8904.6 6.7179e-17
8906.125 6.7958e-17
8907.65 6.5389e-17
8909.175 6.4818e-17
8910.7 6.4793e-17
8912.225 7.557e-17
8913.75 9.1391e-17
8915.275 8.7543e-17
8916.8 6.9198e-17
8918.325 5.3134e-17
8919.85 7.0601e-17
8921.375 8.7798e-17
8922.9 6.8013e-17
8924.425 5.9031e-17
8925.95 6.5667e-17
8927.475 6.5026e-17
8929.0 6.0328e-17
8930.525 5.7866e-17
8932.05 6.0673e-17
8933.575 6.3163e-17
8935.1 6.3218e-17
8936.625 6.0906e-17
8938.15 6.535e-17
8939.675 7.2797e-17
8941.2 7.3594e-17
8942.725 6.8787e-17
8944.25 5.9004e-17
8945.775 5.4356e-17
8947.3 5.8858e-17
8948.825 5.9902e-17
8950.35 5.9999e-17
8951.875 7.462e-17
8953.4 7.5234e-17
8954.925 6.1639e-17
8956.45 6.388e-17
8957.975 7.094e-17
8959.5 7.0011e-17
8961.025 5.4862e-17
8962.55 5.0553e-17
8964.075 5.7008e-17
8965.6 5.7314e-17
8967.125 5.8671e-17
8968.65 6.0222e-17
8970.175 6.1041e-17
8971.7 6.635e-17
8973.225 6.6405e-17
8974.75 5.9671e-17
8976.275 5.818e-17
8977.8 6.0968e-17
8979.325 5.9905e-17
8980.85 5.572e-17
8982.375 6.2647e-17
8983.9 6.7069e-17
8985.425 5.9887e-17
8986.95 6.0718e-17
8988.475 6.8216e-17
8990.0 6.5748e-17
8991.525 5.7237e-17
8993.05 5.3909e-17
8994.575 5.9172e-17
8996.1 7.1071e-17
8997.625 7.6752e-17
8999.15 7.0952e-17
9000.675 6.4085e-17
9002.2 6.2036e-17
9003.725 5.7812e-17
9005.25 5.6225e-17
9006.775 6.098e-17
9008.3 6.3281e-17
9009.825 6.2431e-17
9011.35 6.1839e-17
9012.875 6.438e-17
9014.4 6.3399e-17
9015.925 5.5772e-17
9017.45 5.7547e-17
9018.975 6.3887e-17
9020.5 6.0697e-17
9022.025 5.8756e-17
9023.55 6.5736e-17
9025.075 6.7795e-17
9026.6 5.7719e-17
9028.125 5.6669e-17
9029.65 6.0841e-17
9031.175 6.0502e-17
9032.7 6.5993e-17
9034.225 6.9864e-17
9035.75 6.963e-17
9037.275 7.2055e-17
9038.8 7.2365e-17
9040.325 6.7063e-17
9041.85 6.3529e-17
9043.375 6.4667e-17
9044.9 6.8585e-17
9046.425 6.7296e-17
9047.95 6.4007e-17
9049.475 7.2374e-17
9051.0 8.1159e-17
9052.525 7.4166e-17
9054.05 6.851e-17
9055.575 6.8854e-17
9057.1 6.2251e-17
9058.625 6.1994e-17
9060.15 6.6988e-17
9061.675 6.3487e-17
9063.2 5.9436e-17
9064.725 6.1969e-17
9066.25 6.3175e-17
9067.775 6.2634e-17
9069.3 6.4267e-17
9070.825 5.8463e-17
9072.35 5.6318e-17
9073.875 6.2847e-17
9075.4 7.0507e-17
9076.925 6.6239e-17
9078.45 5.8759e-17
9079.975 6.0956e-17
9081.5 6.0315e-17
9083.025 5.93e-17
9084.55 6.4418e-17
9086.075 7.0323e-17
9087.6 6.4243e-17
9089.125 5.2176e-17
9090.65 5.3811e-17
9092.175 6.0894e-17
9093.7 6.0681e-17
9095.225 6.3744e-17
9096.75 6.4265e-17
9098.275 6.1978e-17
9099.8 6.1565e-17
9101.325 6.6711e-17
9102.85 7.1415e-17
9104.375 6.7602e-17
9105.9 6.7019e-17
9107.425 6.5498e-17
9108.95 6.4073e-17
9110.475 6.8082e-17
9112.0 6.4536e-17
9113.525 5.5532e-17
9115.05 5.5124e-17
9116.575 6.2638e-17
9118.1 6.5627e-17
9119.625 6.4648e-17
9121.15 7.0496e-17
9122.675 7.017e-17
9124.2 6.1621e-17
9125.725 6.3061e-17
9127.25 6.682e-17
9128.775 6.3118e-17
9130.3 5.7365e-17
9131.825 5.6038e-17
9133.35 5.6268e-17
9134.875 5.8535e-17
9136.4 7.2358e-17
9137.925 8.0809e-17
9139.45 7.0241e-17
9140.975 6.4322e-17
9142.5 6.6693e-17
9144.025 6.8373e-17
9145.55 6.8409e-17
9147.075 6.3327e-17
9148.6 5.9004e-17
9150.125 5.8432e-17
9151.65 6.0776e-17
9153.175 6.5377e-17
9154.7 6.6021e-17
9156.225 6.8954e-17
9157.75 7.4623e-17
9159.275 6.9665e-17
9160.8 6.8443e-17
9162.325 7.8051e-17
9163.85 7.3423e-17
9165.375 6.5492e-17
9166.9 7.0193e-17
9168.425 7.2077e-17
9169.95 6.6306e-17
9171.475 6.0791e-17
9173.0 6.0298e-17
9174.525 6.3351e-17
9176.05 6.4082e-17
9177.575 6.639e-17
9179.1 7.0153e-17
9180.625 6.9648e-17
9182.15 6.89e-17
9183.675 6.9048e-17
9185.2 7.4672e-17
9186.725 7.5802e-17
9188.25 7.7812e-17
9189.775 7.7659e-17
9191.3 6.8304e-17
9192.825 6.6268e-17
9194.35 7.2256e-17
9195.875 7.2862e-17
9197.4 7.1352e-17
9198.925 7.1553e-17
9200.45 6.8618e-17
9201.975 6.5604e-17
9203.5 7.0838e-17
9205.025 7.4366e-17
9206.55 7.0435e-17
9208.075 7.2509e-17
9209.6 7.3254e-17
9211.125 6.1125e-17
9212.65 6.0663e-17
9214.175 8.1359e-17
9215.7 8.8274e-17
9217.225 7.6903e-17
9218.75 7.2292e-17
9220.275 7.3226e-17
9221.8 7.7311e-17
9223.325 7.988e-17
9224.85 7.6353e-17
9226.375 7.3725e-17
9227.9 6.9897e-17
9229.425 7.0169e-17
9230.95 7.4199e-17
9232.475 7.6966e-17
9234.0 7.8088e-17
9235.525 7.3637e-17
9237.05 6.7721e-17
9238.575 7.2876e-17
9240.1 7.3601e-17
9241.625 6.4654e-17
9243.15 6.6563e-17
9244.675 7.4187e-17
9246.2 7.3806e-17
9247.725 7.1033e-17
9249.25 7.452e-17
9250.775 7.2661e-17
9252.3 6.6664e-17
9253.825 7.0097e-17
9255.35 7.6065e-17
9256.875 7.4033e-17
9258.4 6.9981e-17
9259.925 7.3523e-17
9261.45 7.0324e-17
9262.975 6.8971e-17
9264.5 7.7226e-17
9266.025 7.4882e-17
9267.55 6.5831e-17
9269.075 6.8932e-17
9270.6 7.7438e-17
9272.125 6.6577e-17
9273.65 5.8129e-17
9275.175 6.9613e-17
9276.7 6.9951e-17
9278.225 6.5925e-17
9279.75 7.1334e-17
9281.275 7.7377e-17
9282.8 7.0557e-17
9284.325 7.0054e-17
9285.85 7.4232e-17
9287.375 6.7866e-17
9288.9 6.8354e-17
9290.425 7.8747e-17
9291.95 7.4992e-17
9293.475 6.606e-17
9295.0 7.1294e-17
9296.525 7.2847e-17
9298.05 6.4593e-17
9299.575 6.5422e-17
9301.1 7.9143e-17
9302.625 8.056e-17
9304.15 7.4302e-17
9305.675 8.3608e-17
9307.2 9.6198e-17
9308.725 7.7223e-17
9310.25 5.5336e-17
9311.775 6.4754e-17
9313.3 7.4513e-17
9314.825 6.3043e-17
9316.35 6.0419e-17
9317.875 6.8333e-17
9319.4 6.5395e-17
9320.925 6.476e-17
9322.45 5.9559e-17
9323.975 5.9309e-17
9325.5 6.4366e-17
9327.025 5.4045e-17
9328.55 4.2416e-17
9330.075 4.6003e-17
9331.6 5.985e-17
9333.125 5.6808e-17
9334.65 4.9633e-17
9336.175 6.148e-17
9337.7 6.342e-17
9339.225 4.8034e-17
9340.75 4.5719e-17
9342.275 5.7984e-17
9343.8 5.781e-17
9345.325 4.7919e-17
9346.85 5.5783e-17
9348.375 6.7324e-17
9349.9 6.8572e-17
9351.425 6.5113e-17
9352.95 5.1651e-17
9354.475 4.7003e-17
9356.0 5.9284e-17
9357.525 6.8262e-17
9359.05 6.8492e-17
9360.575 6.5591e-17
9362.1 7.0046e-17
9363.625 6.7354e-17
9365.15 5.1864e-17
9366.675 3.3546e-17
9368.2 4.4539e-17
9369.725 9.9491e-17
9371.25 9.7852e-17
9372.775 5.2086e-17
9374.3 5.3533e-17
9375.825 7.8266e-17
9377.35 8.1471e-17
9378.875 2.9555e-17
9380.4 6.1671e-18
9381.925 4.9453e-17
9383.45 7.9031e-17
9384.975 7.7307e-17
9386.5 6.8636e-17
9388.025 7.7664e-17
9389.55 8.4443e-17
9391.075 7.9003e-17
9392.6 7.6699e-17
9394.125 7.7603e-17
9395.65 8.0394e-17
9397.175 8.3977e-17
9398.7 8.1795e-17
9400.225 7.2158e-17
9401.75 7.2282e-17
9403.275 7.972e-17
9404.8 7.3801e-17
9406.325 6.7357e-17
9407.85 7.4291e-17
9409.375 7.3869e-17
9410.9 6.2795e-17
9412.425 7.1055e-17
9413.95 8.4087e-17
9415.475 8.1231e-17
9417.0 7.9402e-17
9418.525 7.4953e-17
9420.05 6.3357e-17
9421.575 5.7546e-17
9423.1 5.9742e-17
9424.625 6.1089e-17
9426.15 5.802e-17
9427.675 5.7616e-17
9429.2 6.1521e-17
9430.725 6.3913e-17
9432.25 8.3974e-17
9433.775 1.0772e-16
9435.3 8.8431e-17
9436.825 5.2116e-17
9438.35 4.7961e-17
9439.875 7.9158e-17
9441.4 8.2704e-17
9442.925 4.8402e-17
9444.45 5.3095e-17
9445.975 6.7515e-17
9447.5 6.1168e-17
9449.025 6.1996e-17
9450.55 6.5803e-17
9452.075 7.2331e-17
9453.6 8.6619e-17
9455.125 8.9166e-17
9456.65 7.3718e-17
9458.175 6.9175e-17
9459.7 6.6783e-17
9461.225 5.4254e-17
9462.75 5.7961e-17
9464.275 7.2437e-17
9465.8 7.618e-17
9467.325 6.3748e-17
9468.85 6.5278e-17
9470.375 9.7942e-17
9471.9 1.0564e-16
9473.425 8.2202e-17
9474.95 7.9482e-17
9476.475 9.3767e-17
9478.0 9.172e-17
9479.525 6.0732e-17
9481.05 4.8524e-17
9482.575 7.0711e-17
9484.1 8.9611e-17
9485.625 8.8425e-17
9487.15 7.1889e-17
9488.675 7.0771e-17
9490.2 8.9559e-17
9491.725 8.4984e-17
9493.25 5.3294e-17
9494.775 5.1545e-17
9496.3 7.8105e-17
9497.825 7.2534e-17
9499.35 6.2974e-17
9500.875 7.4938e-17
9502.4 7.628e-17
9503.925 7.6043e-17
9505.45 6.8863e-17
9506.975 6.0375e-17
9508.5 6.8766e-17
9510.025 7.5097e-17
9511.55 6.8664e-17
9513.075 7.3462e-17
9514.6 8.6112e-17
9516.125 7.2935e-17
9517.65 6.2106e-17
9519.175 7.8064e-17
9520.7 8.805e-17
9522.225 7.0592e-17
9523.75 5.3978e-17
9525.275 6.2785e-17
9526.8 7.4268e-17
9528.325 7.4528e-17
9529.85 7.4297e-17
9531.375 8.539e-17
9532.9 8.642e-17
9534.425 7.3695e-17
9535.95 7.7546e-17
9537.475 7.9034e-17
9539.0 6.3046e-17
9540.525 6.0652e-17
9542.05 7.243e-17
9543.575 7.3878e-17
9545.1 8.3421e-17
9546.625 1.0238e-16
9548.15 8.171e-17
9549.675 5.9442e-17
9551.2 7.5267e-17
9552.725 7.5844e-17
9554.25 7.0601e-17
9555.775 7.7184e-17
9557.3 8.0534e-17
9558.825 7.8066e-17
9560.35 7.6555e-17
9561.875 7.4474e-17
9563.4 8.5368e-17
9564.925 9.9527e-17
9566.45 9.3314e-17
9567.975 8.8406e-17
9569.5 8.7443e-17
9571.025 7.6551e-17
9572.55 8.002e-17
9574.075 8.7814e-17
9575.6 7.66e-17
9577.125 7.6004e-17
9578.65 8.29e-17
9580.175 8.2746e-17
9581.7 8.2441e-17
9583.225 7.8565e-17
9584.75 7.5466e-17
9586.275 6.9399e-17
9587.8 7.3162e-17
9589.325 8.1468e-17
9590.85 7.6844e-17
9592.375 8.2016e-17
9593.9 9.1473e-17
9595.425 7.9427e-17
9596.95 8.1232e-17
9598.475 8.7802e-17
9600.0 7.1712e-17
9601.525 6.645e-17
9603.05 7.931e-17
9604.575 8.6371e-17
9606.1 8.8966e-17
9607.625 8.871e-17
9609.15 8.8409e-17
9610.675 7.5768e-17
9612.2 7.471e-17
9613.725 8.6535e-17
9615.25 7.9322e-17
9616.775 8.2333e-17
9618.3 8.843e-17
9619.825 9.107e-17
9621.35 9.3088e-17
9622.875 9.0641e-17
9624.4 7.8269e-17
9625.925 6.7448e-17
9627.45 7.3453e-17
9628.975 8.7258e-17
9630.5 8.4177e-17
9632.025 7.1305e-17
9633.55 8.1982e-17
9635.075 8.6288e-17
9636.6 7.9865e-17
9638.125 8.7905e-17
9639.65 8.6342e-17
9641.175 7.536e-17
9642.7 8.0241e-17
9644.225 8.6324e-17
9645.75 7.949e-17
9647.275 7.8991e-17
9648.8 8.7061e-17
9650.325 8.7633e-17
9651.85 7.7901e-17
9653.375 7.4738e-17
9654.9 8.5018e-17
9656.425 8.9171e-17
9657.95 8.3052e-17
9659.475 7.9242e-17
9661.0 7.6521e-17
9662.525 8.5789e-17
9664.05 1.1339e-16
9665.575 1.1534e-16
9667.1 8.4911e-17
9668.625 8.0649e-17
9670.15 9.2851e-17
9671.675 7.8625e-17
9673.2 6.71e-17
9674.725 8.9039e-17
9676.25 9.7399e-17
9677.775 8.5743e-17
9679.3 8.6772e-17
9680.825 8.9934e-17
9682.35 9.4556e-17
9683.875 1.0282e-16
9685.4 1.0452e-16
9686.925 8.9786e-17
9688.45 6.908e-17
9689.975 7.0321e-17
9691.5 7.4693e-17
9693.025 8.2749e-17
9694.55 1.0887e-16
9696.075 1.1626e-16
9697.6 1.0153e-16
9699.125 1.0364e-16
9700.65 1.0814e-16
9702.175 7.8577e-17
9703.7 7.0571e-17
9705.225 1.0689e-16
9706.75 1.0714e-16
9708.275 8.9909e-17
9709.8 9.9561e-17
9711.325 1.0651e-16
9712.85 1.0229e-16
9714.375 9.644e-17
9715.9 1.0062e-16
9717.425 1.1291e-16
9718.95 1.1454e-16
9720.475 1.1103e-16
9722.0 1.0174e-16
9723.525 7.8291e-17
9725.05 7.4202e-17
9726.575 8.9939e-17
9728.1 8.1716e-17
9729.625 7.6749e-17
9731.15 1.0247e-16
9732.675 1.1081e-16
9734.2 1.0494e-16
9735.725 1.1197e-16
9737.25 9.489e-17
9738.775 6.7597e-17
9740.3 7.9021e-17
9741.825 9.3605e-17
9743.35 7.5493e-17
9744.875 6.2825e-17
9746.4 8.2396e-17
9747.925 8.8494e-17
9749.45 7.1243e-17
9750.975 7.9307e-17
9752.5 9.8444e-17
9754.025 9.4716e-17
9755.55 9.2443e-17
9757.075 9.0382e-17
9758.6 8.3174e-17
9760.125 8.4838e-17
9761.65 8.7261e-17
9763.175 8.4757e-17
9764.7 7.9521e-17
9766.225 8.7357e-17
9767.75 1.0317e-16
9769.275 9.6546e-17
9770.8 8.3784e-17
9772.325 8.3714e-17
9773.85 8.0842e-17
9775.375 7.3287e-17
9776.9 8.4823e-17
9778.425 9.9152e-17
9779.95 8.3651e-17
9781.475 6.6069e-17
9783.0 7.0413e-17
9784.525 8.7469e-17
9786.05 1.0482e-16
9787.575 1.1479e-16
9789.1 1.0169e-16
9790.625 8.8083e-17
9792.15 8.3911e-17
9793.675 6.7039e-17
9795.2 6.2498e-17
9796.725 6.9098e-17
9798.25 9.1802e-17
9799.775 1.0222e-16
9801.3 8.588e-17
9802.825 8.4295e-17
9804.35 8.0297e-17
9805.875 7.3216e-17
9807.4 8.869e-17
9808.925 9.6952e-17
9810.45 8.4264e-17
9811.975 7.4423e-17
9813.5 7.2784e-17
9815.025 6.5749e-17
9816.55 7.2049e-17
9818.075 9.1687e-17
9819.6 9.3425e-17
9821.125 7.916e-17
9822.65 8.1381e-17
9824.175 8.5467e-17
9825.7 7.6941e-17
9827.225 7.8384e-17
9828.75 8.3799e-17
9830.275 8.0235e-17
9831.8 6.8987e-17
9833.325 7.8519e-17
9834.85 9.0099e-17
9836.375 8.5322e-17
9837.9 8.3526e-17
9839.425 8.8196e-17
9840.95 1.0061e-16
9842.475 1.1445e-16
9844.0 1.019e-16
9845.525 7.9163e-17
9847.05 8.056e-17
9848.575 9.9212e-17
9850.1 1.0081e-16
9851.625 7.8802e-17
9853.15 7.6542e-17
9854.675 8.7348e-17
9856.2 8.9e-17
9857.725 9.2057e-17
9859.25 9.7901e-17
9860.775 9.4031e-17
9862.3 8.2719e-17
9863.825 7.9079e-17
9865.35 1.1393e-16
9866.875 1.451e-16
9868.4 1.1475e-16
9869.925 1.0591e-16
9871.45 1.09e-16
9872.975 8.3469e-17
9874.5 7.9675e-17
9876.025 7.5645e-17
9877.55 6.8723e-17
9879.075 7.6903e-17
9880.6 8.6109e-17
9882.125 8.4947e-17
9883.65 9.6063e-17
9885.175 1.0037e-16
9886.7 7.7423e-17
9888.225 7.4064e-17
9889.75 8.0032e-17
9891.275 7.1548e-17
9892.8 6.9358e-17
9894.325 9.2767e-17
9895.85 9.8272e-17
9897.375 8.2917e-17
9898.9 8.1008e-17
9900.425 7.722e-17
9901.95 7.146e-17
9903.475 7.8478e-17
9905.0 9.0049e-17
9906.525 7.3468e-17
9908.05 6.1549e-17
9909.575 8.6625e-17
9911.1 1.214e-16
9912.625 9.9165e-17
9914.15 6.1952e-17
9915.675 8.9961e-17
9917.2 7.7407e-17
9918.725 5.1699e-17
9920.25 6.6961e-17
9921.775 7.7483e-17
9923.3 8.0598e-17
9924.825 8.2299e-17
9926.35 7.8935e-17
9927.875 7.2666e-17
9929.4 8.0811e-17
9930.925 9.0648e-17
9932.45 8.3027e-17
9933.975 7.3715e-17
9935.5 9.7139e-17
9937.025 1.125e-16
9938.55 1.03e-16
9940.075 1.2695e-16
9941.6 1.587e-16
9943.125 1.3277e-16
9944.65 8.0872e-17
9946.175 9.2772e-17
9947.7 1.0236e-16
9949.225 7.2929e-17
9950.75 8.7641e-17
9952.275 9.6923e-17
9953.8 8.3838e-17
9955.325 9.7044e-17
9956.85 1.0753e-16
9958.375 8.6563e-17
9959.9 7.4386e-17
9961.425 9.1276e-17
9962.95 8.5384e-17
9964.475 5.7425e-17
9966.0 6.5734e-17
9967.525 9.089e-17
9969.05 9.0672e-17
9970.575 9.7348e-17
9972.1 1.0407e-16
9973.625 9.0344e-17
9975.15 8.98e-17
9976.675 9.9548e-17
9978.2 8.7708e-17
9979.725 6.3227e-17
9981.25 6.4555e-17
9982.775 7.9131e-17
9984.3 7.6888e-17
9985.825 8.4482e-17
9987.35 9.2234e-17
9988.875 6.7866e-17
9990.4 5.4359e-17
9991.925 8.1245e-17
9993.45 9.0235e-17
9994.975 7.0182e-17
9996.5 7.3752e-17
9998.025 9.1921e-17
9999.55 8.5866e-17
