# ra, dec, id, prob, mjd, slotNum, dist
-143.046020 34.20830  -143+34 0.1168200 58585.3438 11.0 715.71
-141.881680 38.31392  -142+38 0.2483400 58585.3438 11.0 733.46
-140.234940 35.93228  -140+36 0.5081700 58585.3438 11.0 699.72
-147.463510 34.57798  -147+35 0.0049283 58585.3750 12.0 682.72
-144.769220 36.52287  -145+37 0.0664330 58585.3750 12.0 769.36
-138.560630 33.55938  -139+34 0.0045187 58585.3750 12.0 643.41
-163.704120 19.82815  -164+20 0.0014341 58585.4062 13.0 743.14
-145.680890 32.32754  -146+32 0.0014738 58585.4062 13.0 765.17
-137.247720 37.48236  -137+37 0.0015734 58585.4062 13.0 603.12
-165.637210 21.76491  -166+22 0.0007054 58585.4375 14.0 815.29
