0.000000 0.000000 0
0.000000 0.031250 0
0.000000 0.062500 0
0.000000 0.093750 0
0.962760 0.125000 1
0.962760 0.156250 1
0.962760 0.187500 1
0.962760 0.218750 1
0.962760 0.250000 1
0.962760 0.281250 1
0.962760 0.312500 1
0.962760 0.343750 1
0.962760 0.375000 1
0.962760 0.406250 1
0.962760 0.437500 1
0.962760 0.468750 1
0.962679 0.500000 1
0.000000 0.531250 0
0.000000 0.562500 0
0.000000 0.593750 0
0.000000 0.625000 0
0.000000 0.656250 0
0.000000 0.687500 0
0.000000 0.718750 0
0.000000 0.750000 0
0.000000 0.781250 0
0.000000 0.812500 0
0.000000 0.843750 0
0.000000 0.875000 0
0.000000 0.906250 0
0.000000 0.937500 0
0.000000 0.968750 0
