#z 0.212
3576.9 7.8164e-17
3579.07539501 6.88465e-17
3581.25079002 6.24533e-17
3583.42618504 7.70956e-17
3585.60158005 6.44496e-17
3587.77697506 6.7112e-17
3589.95237007 6.62389e-17
3592.12776508 7.38796e-17
3594.3031601 6.78999e-17
3596.47855511 7.55604e-17
3598.65395012 6.94796e-17
3600.82934513 6.3353e-17
3603.00474014 8.03511e-17
3605.18013515 7.14546e-17
3607.35553017 6.54937e-17
3609.53092518 6.77331e-17
3611.70632019 7.07033e-17
3613.8817152 6.68285e-17
3616.05711021 6.46607e-17
3618.23250523 6.92629e-17
3620.40790024 7.71506e-17
3622.58329525 7.18541e-17
3624.75869026 6.60223e-17
3626.93408527 6.87118e-17
3629.10948029 6.13542e-17
3631.2848753 6.80983e-17
3633.46027031 6.3209e-17
3635.63566532 5.8032e-17
3637.81106033 7.09628e-17
3639.98645535 6.79825e-17
3642.16185036 6.38651e-17
3644.33724537 6.60903e-17
3646.51264038 6.37823e-17
3648.68803539 5.51751e-17
3650.8634304 5.60675e-17
3653.03882542 6.3275e-17
3655.21422043 6.76413e-17
3657.38961544 7.07203e-17
3659.56501045 7.04268e-17
3661.74040546 6.60311e-17
3663.91580048 6.73848e-17
3666.09119549 6.6839e-17
3668.2665905 6.46884e-17
3670.44198551 6.04745e-17
3672.61738052 5.90154e-17
3674.79277554 6.19279e-17
3676.96817055 6.22432e-17
3679.14356556 5.49567e-17
3681.31896057 6.35878e-17
3683.49435558 6.49367e-17
3685.6697506 6.15656e-17
3687.84514561 6.81955e-17
3690.02054062 6.91345e-17
3692.19593563 6.69106e-17
3694.37133064 6.58706e-17
3696.54672565 6.05988e-17
3698.72212067 6.47966e-17
3700.89751568 6.51936e-17
3703.07291069 5.97993e-17
3705.2483057 5.76692e-17
3707.42370071 5.2834e-17
3709.59909573 5.98139e-17
3711.77449074 7.56603e-17
3713.94988575 7.19753e-17
3716.12528076 5.69551e-17
3718.30067577 6.69631e-17
3720.47607079 7.23923e-17
3722.6514658 5.71201e-17
3724.82686081 5.44584e-17
3727.00225582 6.59098e-17
3729.17765083 6.61968e-17
3731.35304585 6.10359e-17
3733.52844086 6.44503e-17
3735.70383587 6.32218e-17
3737.87923088 6.08055e-17
3740.05462589 5.66187e-17
3742.2300209 5.24283e-17
3744.40541592 6.19015e-17
3746.58081093 5.793e-17
3748.75620594 6.16528e-17
3750.93160095 6.27439e-17
3753.10699596 6.89961e-17
3755.28239098 6.16138e-17
3757.45778599 6.49532e-17
3759.633181 5.45691e-17
3761.80857601 5.8524e-17
3763.98397102 6.77002e-17
3766.15936604 5.62757e-17
3768.33476105 5.69386e-17
3770.51015606 5.68904e-17
3772.68555107 6.00684e-17
3774.86094608 5.59439e-17
3777.03634109 5.96681e-17
3779.21173611 6.8325e-17
3781.38713112 5.72331e-17
3783.56252613 6.1278e-17
3785.73792114 6.50808e-17
3787.91331615 6.39707e-17
3790.08871117 5.91726e-17
3792.26410618 6.11619e-17
3794.43950119 5.61318e-17
3796.6148962 5.4749e-17
3798.79029121 5.89122e-17
3800.96568623 5.78909e-17
3803.14108124 5.71321e-17
3805.31647625 5.54616e-17
3807.49187126 6.0912e-17
3809.66726627 6.33749e-17
3811.84266129 6.20705e-17
3814.0180563 5.96706e-17
3816.19345131 6.23143e-17
3818.36884632 6.019e-17
3820.54424133 6.43162e-17
3822.71963634 6.24729e-17
3824.89503136 5.84089e-17
3827.07042637 5.72993e-17
3829.24582138 6.21281e-17
3831.42121639 5.25884e-17
3833.5966114 5.20868e-17
3835.77200642 3.96206e-17
3837.94740143 4.96402e-17
3840.12279644 5.53562e-17
3842.29819145 5.60639e-17
3844.47358646 5.6523e-17
3846.64898148 5.74827e-17
3848.82437649 5.56744e-17
3850.9997715 6.04613e-17
3853.17516651 5.06972e-17
3855.35056152 4.91177e-17
3857.52595654 5.30535e-17
3859.70135155 4.75928e-17
3861.87674656 5.92113e-17
3864.05214157 5.66643e-17
3866.22753658 5.58239e-17
3868.40293159 4.13994e-17
3870.57832661 4.60117e-17
3872.75372162 5.47625e-17
3874.92911663 5.34746e-17
3877.10451164 6.21701e-17
3879.27990665 6.13949e-17
3881.45530167 5.50663e-17
3883.63069668 5.13357e-17
3885.80609169 5.59768e-17
3887.9814867 5.63452e-17
3890.15688171 4.68339e-17
3892.33227673 4.7366e-17
3894.50767174 4.58835e-17
3896.68306675 4.70238e-17
3898.85846176 5.87158e-17
3901.03385677 5.70281e-17
3903.20925179 4.55752e-17
3905.3846468 4.74141e-17
3907.56004181 5.67619e-17
3909.73543682 5.57916e-17
3911.91083183 5.56576e-17
3914.08622684 4.96055e-17
3916.26162186 4.98361e-17
3918.43701687 5.63839e-17
3920.61241188 5.23706e-17
3922.78780689 5.05451e-17
3924.9632019 5.19779e-17
3927.13859692 5.21253e-17
3929.31399193 5.45621e-17
3931.48938694 5.64262e-17
3933.66478195 4.79994e-17
3935.84017696 5.24563e-17
3938.01557198 5.85874e-17
3940.19096699 5.37185e-17
3942.366362 4.70531e-17
3944.54175701 4.85e-17
3946.71715202 5.05001e-17
3948.89254704 4.62677e-17
3951.06794205 4.82671e-17
3953.24333706 5.20692e-17
3955.41873207 4.67555e-17
3957.59412708 4.80323e-17
3959.76952209 5.67452e-17
3961.94491711 5.17289e-17
3964.12031212 4.61153e-17
3966.29570713 3.88001e-17
3968.47110214 5.01266e-17
3970.64649715 5.79287e-17
3972.82189217 5.13134e-17
3974.99728718 5.36529e-17
3977.17268219 5.40563e-17
3979.3480772 4.7631e-17
3981.52347221 5.38338e-17
3983.69886723 5.80933e-17
3985.87426224 5.42094e-17
3988.04965725 4.28377e-17
3990.22505226 5.80927e-17
3992.40044727 5.3575e-17
3994.57584229 5.0163e-17
3996.7512373 5.38933e-17
3998.92663231 5.09668e-17
4001.10202732 5.11205e-17
4003.27742233 5.83429e-17
4005.45281734 5.33857e-17
4007.62821236 5.41999e-17
4009.80360737 5.64073e-17
4011.97900238 5.22057e-17
4014.15439739 4.68046e-17
4016.3297924 5.18466e-17
4018.50518742 5.19694e-17
4020.68058243 4.61631e-17
4022.85597744 4.90106e-17
4025.03137245 4.8015e-17
4027.20676746 4.74215e-17
4029.38216248 5.12095e-17
4031.55755749 5.47783e-17
4033.7329525 5.39547e-17
4035.90834751 5.29149e-17
4038.08374252 5.32675e-17
4040.25913754 4.57301e-17
4042.43453255 4.80815e-17
4044.60992756 4.88064e-17
4046.78532257 4.40222e-17
4048.96071758 5.24836e-17
4051.13611259 4.48313e-17
4053.31150761 4.2314e-17
4055.48690262 5.39162e-17
4057.66229763 4.90997e-17
4059.83769264 4.83772e-17
4062.01308765 4.71997e-17
4064.18848267 5.0575e-17
4066.36387768 5.09679e-17
4068.53927269 5.21566e-17
4070.7146677 5.30779e-17
4072.89006271 5.15442e-17
4075.06545773 4.70188e-17
4077.24085274 5.20966e-17
4079.41624775 4.98823e-17
4081.59164276 4.45356e-17
4083.76703777 4.60307e-17
4085.94243279 4.711e-17
4088.1178278 4.07232e-17
4090.29322281 4.09981e-17
4092.46861782 4.17056e-17
4094.64401283 4.58341e-17
4096.81940784 4.51018e-17
4098.99480286 4.85207e-17
4101.17019787 5.0167e-17
4103.34559288 4.53499e-17
4105.52098789 5.14003e-17
4107.6963829 5.27952e-17
4109.87177792 5.48152e-17
4112.04717293 4.805e-17
4114.22256794 4.95481e-17
4116.39796295 4.98771e-17
4118.57335796 4.66053e-17
4120.74875298 4.72157e-17
4122.92414799 4.75746e-17
4125.099543 4.75795e-17
4127.27493801 4.93073e-17
4129.45033302 4.68666e-17
4131.62572803 5.29397e-17
4133.80112305 4.81208e-17
4135.97651806 4.57331e-17
4138.15191307 4.5311e-17
4140.32730808 4.46236e-17
4142.50270309 4.11356e-17
4144.67809811 4.46315e-17
4146.85349312 4.14438e-17
4149.02888813 4.54764e-17
4151.20428314 4.99879e-17
4153.37967815 4.26528e-17
4155.55507317 4.34341e-17
4157.73046818 4.76047e-17
4159.90586319 4.92405e-17
4162.0812582 5.21665e-17
4164.25665321 4.65039e-17
4166.43204823 4.47708e-17
4168.60744324 4.10555e-17
4170.78283825 4.64482e-17
4172.95823326 4.75393e-17
4175.13362827 4.54334e-17
4177.30902328 4.64966e-17
4179.4844183 4.33035e-17
4181.65981331 4.68954e-17
4183.83520832 4.51569e-17
4186.01060333 4.61383e-17
4188.18599834 4.51939e-17
4190.36139336 4.68124e-17
4192.53678837 4.63298e-17
4194.71218338 4.43311e-17
4196.88757839 4.40249e-17
4199.0629734 4.37278e-17
4201.23836842 4.17671e-17
4203.41376343 4.04335e-17
4205.58915844 3.62681e-17
4207.76455345 3.92507e-17
4209.93994846 4.49918e-17
4212.11534348 4.87892e-17
4214.29073849 4.41098e-17
4216.4661335 4.70031e-17
4218.64152851 4.71624e-17
4220.81692352 4.30894e-17
4222.99231853 4.73037e-17
4225.16771355 4.43065e-17
4227.34310856 4.02378e-17
4229.51850357 4.13838e-17
4231.69389858 4.25665e-17
4233.86929359 4.06162e-17
4236.04468861 4.83559e-17
4238.22008362 4.1507e-17
4240.39547863 4.10139e-17
4242.57087364 4.85485e-17
4244.74626865 4.17018e-17
4246.92166367 4.58185e-17
4249.09705868 4.41192e-17
4251.27245369 4.32328e-17
4253.4478487 4.19117e-17
4255.62324371 4.50392e-17
4257.79863873 4.57254e-17
4259.97403374 4.85078e-17
4262.14942875 4.69208e-17
4264.32482376 4.20143e-17
4266.50021877 4.66944e-17
4268.67561378 4.47945e-17
4270.8510088 4.19388e-17
4273.02640381 3.98273e-17
4275.20179882 4.26597e-17
4277.37719383 4.24192e-17
4279.55258884 3.86702e-17
4281.72798386 4.19783e-17
4283.90337887 4.59138e-17
4286.07877388 4.86419e-17
4288.25416889 4.9008e-17
4290.4295639 4.67066e-17
4292.60495892 4.81384e-17
4294.78035393 4.35068e-17
4296.95574894 4.64893e-17
4299.13114395 4.85151e-17
4301.30653896 4.58269e-17
4303.48193398 4.82175e-17
4305.65732899 4.49437e-17
4307.832724 4.62342e-17
4310.00811901 4.5865e-17
4312.18351402 4.04559e-17
4314.35890903 4.17867e-17
4316.53430405 4.35447e-17
4318.70969906 4.35413e-17
4320.88509407 4.5792e-17
4323.06048908 4.3883e-17
4325.23588409 4.78732e-17
4327.41127911 5.30218e-17
4329.58667412 4.78803e-17
4331.76206913 4.73207e-17
4333.93746414 4.92276e-17
4336.11285915 4.54616e-17
4338.28825417 4.18566e-17
4340.46364918 3.95347e-17
4342.63904419 4.51806e-17
4344.8144392 4.62181e-17
4346.98983421 4.39856e-17
4349.16522923 4.63378e-17
4351.34062424 4.42478e-17
4353.51601925 4.24019e-17
4355.69141426 4.38636e-17
4357.86680927 4.50337e-17
4360.04220428 4.78164e-17
4362.2175993 4.92884e-17
4364.39299431 4.26081e-17
4366.56838932 4.18609e-17
4368.74378433 4.46665e-17
4370.91917934 4.26377e-17
4373.09457436 4.21521e-17
4375.26996937 4.66241e-17
4377.44536438 4.4433e-17
4379.62075939 4.45693e-17
4381.7961544 4.35177e-17
4383.97154942 4.38241e-17
4386.14694443 4.32707e-17
4388.32233944 4.63715e-17
4390.49773445 4.31187e-17
4392.67312946 4.50941e-17
4394.84852448 4.51143e-17
4397.02391949 4.40637e-17
4399.1993145 4.64073e-17
4401.37470951 4.52187e-17
4403.55010452 4.42941e-17
4405.72549953 4.46447e-17
4407.90089455 4.0139e-17
4410.07628956 4.60774e-17
4412.25168457 4.56602e-17
4414.42707958 4.58959e-17
4416.60247459 4.64062e-17
4418.77786961 4.89069e-17
4420.95326462 4.34321e-17
4423.12865963 4.7511e-17
4425.30405464 4.17432e-17
4427.47944965 4.35184e-17
4429.65484467 4.15234e-17
4431.83023968 4.41806e-17
4434.00563469 4.36968e-17
4436.1810297 4.237e-17
4438.35642471 4.00479e-17
4440.53181973 4.1484e-17
4442.70721474 4.22916e-17
4444.88260975 3.89358e-17
4447.05800476 4.30989e-17
4449.23339977 4.34186e-17
4451.40879478 4.52899e-17
4453.5841898 4.13377e-17
4455.75958481 3.8611e-17
4457.93497982 4.48795e-17
4460.11037483 4.3954e-17
4462.28576984 4.45433e-17
4464.46116486 4.01042e-17
4466.63655987 3.53061e-17
4468.81195488 3.82609e-17
4470.98734989 4.16578e-17
4473.1627449 4.3001e-17
4475.33813992 4.48719e-17
4477.51353493 4.61652e-17
4479.68892994 4.60268e-17
4481.86432495 4.18429e-17
4484.03971996 4.04171e-17
4486.21511497 4.39583e-17
4488.39050999 4.10127e-17
4490.565905 4.35561e-17
4492.74130001 4.48729e-17
4494.91669502 4.1519e-17
4497.09209003 3.96909e-17
4499.26748505 4.09059e-17
4501.44288006 4.12391e-17
4503.61827507 4.1817e-17
4505.79367008 4.151e-17
4507.96906509 4.2373e-17
4510.14446011 4.1971e-17
4512.31985512 3.83374e-17
4514.49525013 3.89064e-17
4516.67064514 4.37125e-17
4518.84604015 4.19408e-17
4521.02143517 4.08225e-17
4523.19683018 4.02465e-17
4525.37222519 3.87474e-17
4527.5476202 3.98517e-17
4529.72301521 4.22852e-17
4531.89841022 3.82254e-17
4534.07380524 3.92232e-17
4536.24920025 4.67528e-17
4538.42459526 4.35165e-17
4540.59999027 3.59278e-17
4542.77538528 3.51572e-17
4544.9507803 4.05631e-17
4547.12617531 3.66357e-17
4549.30157032 3.72837e-17
4551.47696533 4.19975e-17
4553.65236034 4.42957e-17
4555.82775536 4.61602e-17
4558.00315037 4.45259e-17
4560.17854538 4.00078e-17
4562.35394039 3.65503e-17
4564.5293354 3.68899e-17
4566.70473042 4.09618e-17
4568.88012543 4.21955e-17
4571.05552044 3.96828e-17
4573.23091545 4.3564e-17
4575.40631046 3.60977e-17
4577.58170547 3.67908e-17
4579.75710049 4.17829e-17
4581.9324955 4.13656e-17
4584.10789051 4.24609e-17
4586.28328552 4.39731e-17
4588.45868053 4.3923e-17
4590.63407555 4.2426e-17
4592.80947056 4.29507e-17
4594.98486557 3.64498e-17
4597.16026058 3.42822e-17
4599.33565559 3.80741e-17
4601.51105061 3.88324e-17
4603.68644562 3.8867e-17
4605.86184063 3.87868e-17
4608.03723564 3.77694e-17
4610.21263065 4.17689e-17
4612.38802567 3.58591e-17
4614.56342068 3.96689e-17
4616.73881569 3.96789e-17
4618.9142107 3.70277e-17
4621.08960571 4.26443e-17
4623.26500072 3.77818e-17
4625.44039574 3.58213e-17
4627.61579075 3.55706e-17
4629.79118576 4.1482e-17
4631.96658077 3.60744e-17
4634.14197578 3.27716e-17
4636.3173708 3.72835e-17
4638.49276581 3.79483e-17
4640.66816082 3.73809e-17
4642.84355583 3.56121e-17
4645.01895084 3.5472e-17
4647.19434586 3.54081e-17
4649.36974087 3.31933e-17
4651.54513588 3.70504e-17
4653.72053089 3.80294e-17
4655.8959259 3.60283e-17
4658.07132092 3.65492e-17
4660.24671593 3.78302e-17
4662.42211094 3.81552e-17
4664.59750595 3.75231e-17
4666.77290096 3.63067e-17
4668.94829597 3.68049e-17
4671.12369099 4.08892e-17
4673.299086 3.92305e-17
4675.47448101 3.75107e-17
4677.64987602 3.38559e-17
4679.82527103 3.67716e-17
4682.00066605 3.69433e-17
4684.17606106 3.75541e-17
4686.35145607 3.55253e-17
4688.52685108 3.60915e-17
4690.70224609 3.82103e-17
4692.87764111 3.55429e-17
4695.05303612 3.54103e-17
4697.22843113 3.82664e-17
4699.40382614 4.01617e-17
4701.57922115 4.02176e-17
4703.75461617 3.37416e-17
4705.93001118 3.61722e-17
4708.10540619 3.54559e-17
4710.2808012 3.6787e-17
4712.45619621 3.54512e-17
4714.63159122 3.53643e-17
4716.80698624 3.66655e-17
4718.98238125 3.58982e-17
4721.15777626 3.6054e-17
4723.33317127 3.41942e-17
4725.50856628 3.36005e-17
4727.6839613 3.65786e-17
4729.85935631 3.93765e-17
4732.03475132 3.55391e-17
4734.21014633 3.37575e-17
4736.38554134 3.85775e-17
4738.56093636 3.84408e-17
4740.73633137 3.97199e-17
4742.91172638 3.60764e-17
4745.08712139 3.64703e-17
4747.2625164 3.74115e-17
4749.43791142 3.72218e-17
4751.61330643 3.83504e-17
4753.78870144 3.75197e-17
4755.96409645 3.19465e-17
4758.13949146 3.07527e-17
4760.31488647 3.03632e-17
4762.49028149 2.90985e-17
4764.6656765 2.79744e-17
4766.84107151 2.96756e-17
4769.01646652 3.36878e-17
4771.19186153 3.07244e-17
4773.36725655 3.08024e-17
4775.54265156 3.41623e-17
4777.71804657 3.37528e-17
4779.89344158 3.12165e-17
4782.06883659 3.25608e-17
4784.24423161 3.4223e-17
4786.41962662 3.54161e-17
4788.59502163 3.41435e-17
4790.77041664 2.92112e-17
4792.94581165 3.4006e-17
4795.12120667 3.34486e-17
4797.29660168 2.96657e-17
4799.47199669 3.12395e-17
4801.6473917 3.20859e-17
4803.82278671 3.10075e-17
4805.99818172 2.68325e-17
4808.17357674 2.85245e-17
4810.34897175 3.14078e-17
4812.52436676 3.25929e-17
4814.69976177 3.10512e-17
4816.87515678 2.97409e-17
4819.0505518 3.17635e-17
4821.22594681 3.25476e-17
4823.40134182 3.44741e-17
4825.57673683 3.30567e-17
4827.75213184 3.18755e-17
4829.92752686 2.89737e-17
4832.10292187 3.14765e-17
4834.27831688 3.38134e-17
4836.45371189 3.59566e-17
4838.6291069 3.75536e-17
4840.80450192 3.54535e-17
4842.97989693 3.54511e-17
4845.15529194 3.85363e-17
4847.33068695 3.39117e-17
4849.50608196 3.18455e-17
4851.68147697 3.13446e-17
4853.85687199 3.35383e-17
4856.032267 3.13699e-17
4858.20766201 2.92482e-17
4860.38305702 3.87585e-17
4862.55845203 3.62306e-17
4864.73384705 3.60707e-17
4866.90924206 3.57224e-17
4869.08463707 3.65611e-17
4871.26003208 3.50937e-17
4873.43542709 3.41231e-17
4875.61082211 3.39141e-17
4877.78621712 3.25914e-17
4879.96161213 3.16052e-17
4882.13700714 2.973e-17
4884.31240215 2.97114e-17
4886.48779716 3.45349e-17
4888.66319218 3.29436e-17
4890.83858719 3.09255e-17
4893.0139822 3.04505e-17
4895.18937721 3.44881e-17
4897.36477222 3.57614e-17
4899.54016724 3.2722e-17
4901.71556225 3.24637e-17
4903.89095726 2.95053e-17
4906.06635227 3.14803e-17
4908.24174728 3.10495e-17
4910.4171423 3.48172e-17
4912.59253731 3.22831e-17
4914.76793232 3.20029e-17
4916.94332733 3.14824e-17
4919.11872234 2.88435e-17
4921.29411736 3.39691e-17
4923.46951237 3.28395e-17
4925.64490738 2.7993e-17
4927.82030239 2.91707e-17
4929.9956974 3.22113e-17
4932.17109241 3.05303e-17
4934.34648743 3.06454e-17
4936.52188244 3.1896e-17
4938.69727745 2.92606e-17
4940.87267246 3.12306e-17
4943.04806747 2.89881e-17
4945.22346249 2.93504e-17
4947.3988575 3.35373e-17
4949.57425251 3.48722e-17
4951.74964752 3.0259e-17
4953.92504253 3.04881e-17
4956.10043755 3.08976e-17
4958.27583256 3.18112e-17
4960.45122757 2.82364e-17
4962.62662258 3.20156e-17
4964.80201759 2.9444e-17
4966.97741261 3.0283e-17
4969.15280762 2.37158e-17
4971.32820263 2.81253e-17
4973.50359764 2.87156e-17
4975.67899265 2.73125e-17
4977.85438766 2.70761e-17
4980.02978268 2.39314e-17
4982.20517769 2.80519e-17
4984.3805727 2.99806e-17
4986.55596771 2.96814e-17
4988.73136272 2.48438e-17
4990.90675774 2.71287e-17
4993.08215275 2.82567e-17
4995.25754776 3.19978e-17
4997.43294277 2.94876e-17
4999.60833778 2.63449e-17
5001.7837328 2.79375e-17
5003.95912781 3.01425e-17
5006.13452282 2.80158e-17
5008.30991783 2.57413e-17
5010.48531284 2.78839e-17
5012.66070786 2.83957e-17
5014.83610287 2.91984e-17
5017.01149788 2.52648e-17
5019.18689289 2.769e-17
5021.3622879 2.54829e-17
5023.53768291 2.4877e-17
5025.71307793 2.7432e-17
5027.88847294 2.68804e-17
5030.06386795 2.55762e-17
5032.23926296 2.65393e-17
5034.41465797 2.99894e-17
5036.59005299 3.12168e-17
5038.765448 3.07633e-17
5040.94084301 2.75988e-17
5043.11623802 2.54387e-17
5045.29163303 2.61213e-17
5047.46702805 2.72307e-17
5049.64242306 2.79629e-17
5051.81781807 2.75715e-17
5053.99321308 2.58742e-17
5056.16860809 2.54896e-17
5058.34400311 2.14942e-17
5060.51939812 2.34933e-17
5062.69479313 2.41098e-17
5064.87018814 2.50731e-17
5067.04558315 2.63908e-17
5069.22097816 2.57879e-17
5071.39637318 2.22601e-17
5073.57176819 2.54911e-17
5075.7471632 2.77986e-17
5077.92255821 2.48076e-17
5080.09795322 2.47156e-17
5082.27334824 2.46008e-17
5084.44874325 2.51402e-17
5086.62413826 2.46738e-17
5088.79953327 2.34828e-17
5090.97492828 2.36631e-17
5093.1503233 2.54104e-17
5095.32571831 2.80468e-17
5097.50111332 2.69992e-17
5099.67650833 2.59247e-17
5101.85190334 2.5953e-17
5104.02729836 2.43637e-17
5106.20269337 2.27051e-17
5108.37808838 2.38576e-17
5110.55348339 2.48511e-17
5112.7288784 2.56215e-17
5114.90427341 2.42695e-17
5117.07966843 2.3351e-17
5119.25506344 2.49823e-17
5121.43045845 2.12978e-17
5123.60585346 2.6508e-17
5125.78124847 2.71175e-17
5127.95664349 2.37119e-17
5130.1320385 2.54806e-17
5132.30743351 2.31365e-17
5134.48282852 2.24891e-17
5136.65822353 2.47978e-17
5138.83361855 2.55702e-17
5141.00901356 2.76479e-17
5143.18440857 2.68034e-17
5145.35980358 2.36373e-17
5147.53519859 2.27947e-17
5149.71059361 2.38382e-17
5151.88598862 2.29489e-17
5154.06138363 2.2046e-17
5156.23677864 2.5128e-17
5158.41217365 2.6662e-17
5160.58756866 2.5766e-17
5162.76296368 2.24776e-17
5164.93835869 2.24178e-17
5167.1137537 2.40429e-17
5169.28914871 2.35684e-17
5171.46454372 2.44485e-17
5173.63993874 2.38853e-17
5175.81533375 2.40306e-17
5177.99072876 2.40418e-17
5180.16612377 2.43938e-17
5182.34151878 2.36425e-17
5184.5169138 2.45348e-17
5186.69230881 2.82537e-17
5188.86770382 2.45789e-17
5191.04309883 2.23811e-17
5193.21849384 2.37549e-17
5195.39388886 2.36316e-17
5197.56928387 2.29158e-17
5199.74467888 2.18196e-17
5201.92007389 2.08548e-17
5204.0954689 2.11206e-17
5206.27086391 2.26111e-17
5208.44625893 2.24127e-17
5210.62165394 2.12932e-17
5212.79704895 2.01965e-17
5214.97244396 2.24384e-17
5217.14783897 2.23846e-17
5219.32323399 2.09984e-17
5221.498629 2.37165e-17
5223.67402401 2.31831e-17
5225.84941902 2.33473e-17
5228.02481403 2.46402e-17
5230.20020905 2.68257e-17
5232.37560406 2.48468e-17
5234.55099907 2.46348e-17
5236.72639408 2.45116e-17
5238.90178909 2.31405e-17
5241.0771841 2.13184e-17
5243.25257912 2.28904e-17
5245.42797413 2.54095e-17
5247.60336914 2.75574e-17
5249.77876415 2.5851e-17
5251.95415916 2.64697e-17
5254.12955418 2.53209e-17
5256.30494919 2.10972e-17
5258.4803442 2.20428e-17
5260.65573921 2.0546e-17
5262.83113422 2.46036e-17
5265.00652924 2.54323e-17
5267.18192425 2.23802e-17
5269.35731926 2.32177e-17
5271.53271427 2.12196e-17
5273.70810928 2.3209e-17
5275.8835043 2.2555e-17
5278.05889931 1.99742e-17
5280.23429432 2.12614e-17
5282.40968933 2.4678e-17
5284.58508434 2.61424e-17
5286.76047935 2.47434e-17
5288.93587437 2.335e-17
5291.11126938 2.32028e-17
5293.28666439 2.41423e-17
5295.4620594 2.54693e-17
5297.63745441 2.36528e-17
5299.81284943 2.24398e-17
5301.98824444 2.16999e-17
5304.16363945 2.34446e-17
5306.33903446 2.0626e-17
5308.51442947 2.51183e-17
5310.68982449 2.59828e-17
5312.8652195 2.03999e-17
5315.04061451 2.452e-17
5317.21600952 2.50527e-17
5319.39140453 1.93544e-17
5321.56679955 2.35047e-17
5323.74219456 2.63353e-17
5325.91758957 2.19591e-17
5328.09298458 2.18857e-17
5330.26837959 2.48295e-17
5332.4437746 2.54686e-17
5334.61916962 2.37042e-17
5336.79456463 1.98654e-17
5338.96995964 2.30007e-17
5341.14535465 2.35926e-17
5343.32074966 2.34508e-17
5345.49614468 2.51032e-17
5347.67153969 2.47293e-17
5349.8469347 2.28443e-17
5352.02232971 2.62367e-17
5354.19772472 2.50527e-17
5356.37311974 2.71032e-17
5358.54851475 2.48845e-17
5360.72390976 2.47879e-17
5362.89930477 2.40207e-17
5365.07469978 2.22615e-17
5367.2500948 2.36548e-17
5369.42548981 2.4753e-17
5371.60088482 2.17303e-17
5373.77627983 2.56887e-17
5375.95167484 2.46184e-17
5378.12706985 2.68599e-17
5380.30246487 2.54783e-17
5382.47785988 2.50929e-17
5384.65325489 2.45752e-17
5386.8286499 2.41392e-17
5389.00404491 2.34544e-17
5391.17943993 2.55957e-17
5393.35483494 2.7576e-17
5395.53022995 2.53862e-17
5397.70562496 2.62214e-17
5399.88101997 2.18285e-17
5402.05641499 2.6303e-17
5404.23181 2.71963e-17
5406.40720501 2.47538e-17
5408.58260002 2.38059e-17
5410.75799503 2.41722e-17
5412.93339005 2.21916e-17
5415.10878506 2.67879e-17
5417.28418007 2.92273e-17
5419.45957508 2.66578e-17
5421.63497009 2.62361e-17
5423.8103651 2.61244e-17
5425.98576012 2.31066e-17
5428.16115513 2.42023e-17
5430.33655014 2.72263e-17
5432.51194515 2.51495e-17
5434.68734016 2.29728e-17
5436.86273518 2.29458e-17
5439.03813019 2.56493e-17
5441.2135252 2.51244e-17
5443.38892021 2.81064e-17
5445.56431522 2.43139e-17
5447.73971024 2.32038e-17
5449.91510525 2.42924e-17
5452.09050026 2.33297e-17
5454.26589527 2.40337e-17
5456.44129028 2.61336e-17
5458.6166853 2.79536e-17
5460.79208031 2.82042e-17
5462.96747532 2.77004e-17
5465.14287033 2.52821e-17
5467.31826534 2.37014e-17
5469.49366035 2.38451e-17
5471.66905537 2.41656e-17
5473.84445038 2.70799e-17
5476.01984539 2.76693e-17
5478.1952404 2.41894e-17
5480.37063541 2.66236e-17
5482.54603043 2.79383e-17
5484.72142544 2.52484e-17
5486.89682045 2.1414e-17
5489.07221546 2.34757e-17
5491.24761047 2.52854e-17
5493.42300549 2.38091e-17
5495.5984005 2.21039e-17
5497.77379551 2.4795e-17
5499.94919052 2.32639e-17
5502.12458553 2.32344e-17
5504.29998055 2.38162e-17
5506.47537556 2.20934e-17
5508.65077057 2.40929e-17
5510.82616558 2.32046e-17
5513.00156059 2.47342e-17
5515.1769556 2.56953e-17
5517.35235062 2.56733e-17
5519.52774563 2.46939e-17
5521.70314064 2.3069e-17
5523.87853565 2.30217e-17
5526.05393066 2.55228e-17
5528.22932568 2.19181e-17
5530.40472069 2.00248e-17
5532.5801157 2.3572e-17
5534.75551071 2.33046e-17
5536.93090572 2.41178e-17
5539.10630074 2.47312e-17
5541.28169575 2.44638e-17
5543.45709076 2.42152e-17
5545.63248577 2.33214e-17
5547.80788078 2.36292e-17
5549.9832758 2.5913e-17
5552.15867081 2.61351e-17
5554.33406582 2.53165e-17
5556.50946083 2.35017e-17
5558.68485584 2.37057e-17
5560.86025085 2.51826e-17
5563.03564587 2.54825e-17
5565.21104088 2.43728e-17
5567.38643589 2.3718e-17
5569.5618309 2.36514e-17
5571.73722591 2.01957e-17
5573.91262093 1.91904e-17
5576.08801594 2.23512e-17
5578.26341095 2.12252e-17
5580.43880596 2.5871e-17
5582.61420097 2.5119e-17
5584.78959599 2.33872e-17
5586.964991 2.53214e-17
5589.14038601 2.40058e-17
5591.31578102 2.43196e-17
5593.49117603 2.39778e-17
5595.66657104 2.46559e-17
5597.84196606 2.68998e-17
5600.01736107 2.56922e-17
5602.19275608 1.96613e-17
5604.36815109 2.36273e-17
5606.5435461 2.28263e-17
5608.71894112 2.37375e-17
5610.89433613 2.04928e-17
5613.06973114 2.35411e-17
5615.24512615 2.33701e-17
5617.42052116 2.45616e-17
5619.59591618 1.98027e-17
5621.77131119 2.49717e-17
5623.9467062 2.52e-17
5626.12210121 2.34739e-17
5628.29749622 2.11037e-17
5630.47289124 2.24092e-17
5632.64828625 2.54326e-17
5634.82368126 2.48372e-17
5636.99907627 2.11348e-17
5639.17447128 2.38622e-17
5641.34986629 2.64234e-17
5643.52526131 2.17063e-17
5645.70065632 2.27278e-17
5647.87605133 2.21641e-17
5650.05144634 2.14585e-17
5652.22684135 2.22611e-17
5654.40223637 2.30163e-17
5656.57763138 2.37035e-17
5658.75302639 2.187e-17
5660.9284214 2.40187e-17
5663.10381641 2.13958e-17
5665.27921143 2.14646e-17
5667.45460644 2.00669e-17
5669.63000145 2.06184e-17
5671.80539646 2.02674e-17
5673.98079147 2.46574e-17
5676.15618649 2.49659e-17
5678.3315815 2.28133e-17
5680.50697651 2.34117e-17
5682.68237152 2.23672e-17
5684.85776653 2.22702e-17
5687.03316154 2.04995e-17
5689.20855656 1.97255e-17
5691.38395157 2.20557e-17
5693.55934658 1.96857e-17
5695.73474159 2.02687e-17
5697.9101366 1.92906e-17
5700.08553162 2.224e-17
5702.26092663 1.85721e-17
5704.43632164 2.19253e-17
5706.61171665 2.26342e-17
5708.78711166 2.22904e-17
5710.96250668 2.51504e-17
5713.13790169 2.48827e-17
5715.3132967 2.5547e-17
5717.48869171 2.18568e-17
5719.66408672 2.22092e-17
5721.83948174 1.87886e-17
5724.01487675 1.95534e-17
5726.19027176 1.94035e-17
5728.36566677 2.08224e-17
5730.54106178 2.03852e-17
5732.71645679 1.71479e-17
5734.89185181 2.22787e-17
5737.06724682 2.13217e-17
5739.24264183 2.16559e-17
5741.41803684 1.97665e-17
5743.59343185 2.01532e-17
5745.76882687 2.00499e-17
5747.94422188 2.41533e-17
5750.11961689 2.35646e-17
5752.2950119 2.00188e-17
5754.47040691 2.06676e-17
5756.64580193 2.03281e-17
5758.82119694 1.82869e-17
5760.99659195 1.81213e-17
5763.17198696 1.97905e-17
5765.34738197 2.47463e-17
5767.52277699 2.19864e-17
5769.698172 1.81288e-17
5771.87356701 2.00052e-17
5774.04896202 2.2289e-17
5776.22435703 1.90436e-17
5778.39975204 1.85914e-17
5780.57514706 1.92726e-17
5782.75054207 2.07623e-17
5784.92593708 2.15388e-17
5787.10133209 2.17021e-17
5789.2767271 1.95326e-17
5791.45212212 2.10392e-17
5793.62751713 2.07892e-17
5795.80291214 2.34516e-17
5797.97830715 2.06437e-17
5800.15370216 1.79007e-17
5802.32909718 2.00707e-17
5804.50449219 2.03557e-17
5806.6798872 2.04467e-17
5808.85528221 1.89845e-17
5811.03067722 2.13352e-17
5813.20607224 1.99598e-17
5815.38146725 1.72709e-17
5817.55686226 1.94964e-17
5819.73225727 2.26509e-17
5821.90765228 1.89048e-17
5824.08304729 1.93014e-17
5826.25844231 2.21829e-17
5828.43383732 1.95381e-17
5830.60923233 2.06224e-17
5832.78462734 2.16399e-17
5834.96002235 1.96301e-17
5837.13541737 1.88316e-17
5839.31081238 2.15196e-17
5841.48620739 2.08464e-17
5843.6616024 1.96086e-17
5845.83699741 1.9413e-17
5848.01239243 1.84015e-17
5850.18778744 1.83744e-17
5852.36318245 1.79527e-17
5854.53857746 1.60872e-17
5856.71397247 1.69302e-17
5858.88936749 1.73159e-17
5861.0647625 1.73564e-17
5863.24015751 1.90755e-17
5865.41555252 1.8429e-17
5867.59094753 1.99153e-17
5869.76634254 1.82642e-17
5871.94173756 1.62425e-17
5874.11713257 1.84203e-17
5876.29252758 2.17532e-17
5878.46792259 2.03473e-17
5880.6433176 1.99719e-17
5882.81871262 1.77707e-17
5884.99410763 1.98277e-17
5887.16950264 1.95803e-17
5889.34489765 1.50798e-17
5891.52029266 1.54496e-17
5893.69568768 1.63428e-17
5895.87108269 1.81545e-17
5898.0464777 1.41044e-17
5900.22187271 1.57198e-17
5902.39726772 1.95422e-17
5904.57266274 1.62801e-17
5906.74805775 1.74012e-17
5908.92345276 1.96851e-17
5911.09884777 1.60138e-17
5913.27424278 1.55986e-17
5915.44963779 1.74001e-17
5917.62503281 1.67347e-17
5919.80042782 1.63021e-17
5921.97582283 1.74967e-17
5924.15121784 1.91188e-17
5926.32661285 1.85545e-17
5928.50200787 1.80092e-17
5930.67740288 1.9464e-17
5932.85279789 2.01549e-17
5935.0281929 2.18149e-17
5937.20358791 1.95996e-17
5939.37898293 1.94461e-17
5941.55437794 1.99171e-17
5943.72977295 2.16141e-17
5945.90516796 1.85062e-17
5948.08056297 1.80161e-17
5950.25595798 1.83417e-17
5952.431353 1.88779e-17
5954.60674801 1.99445e-17
5956.78214302 1.91599e-17
5958.95753803 2.01875e-17
5961.13293304 1.71831e-17
5963.30832806 1.6456e-17
5965.48372307 1.80745e-17
5967.65911808 2.01418e-17
5969.83451309 1.80913e-17
5972.0099081 2.12863e-17
5974.18530312 2.25516e-17
5976.36069813 2.04979e-17
5978.53609314 2.05172e-17
5980.71148815 2.24222e-17
5982.88688316 2.19357e-17
5985.06227818 1.73314e-17
5987.23767319 1.69616e-17
5989.4130682 1.85226e-17
5991.58846321 1.90434e-17
5993.76385822 1.87304e-17
5995.93925323 2.03429e-17
5998.11464825 2.08825e-17
6000.29004326 2.12498e-17
6002.46543827 1.91582e-17
6004.64083328 1.74054e-17
6006.81622829 1.74768e-17
6008.99162331 1.87726e-17
6011.16701832 1.94536e-17
6013.34241333 1.9215e-17
6015.51780834 1.71096e-17
6017.69320335 1.75182e-17
6019.86859837 2.09282e-17
6022.04399338 1.95078e-17
6024.21938839 1.6485e-17
6026.3947834 1.66691e-17
6028.57017841 1.95866e-17
6030.74557343 2.04286e-17
6032.92096844 2.08049e-17
6035.09636345 1.97931e-17
6037.27175846 1.83113e-17
6039.44715347 1.61698e-17
6041.62254848 1.46999e-17
6043.7979435 1.6151e-17
6045.97333851 1.81039e-17
6048.14873352 1.76697e-17
6050.32412853 1.96148e-17
6052.49952354 1.92435e-17
6054.67491856 1.49035e-17
6056.85031357 1.65734e-17
6059.02570858 1.87571e-17
6061.20110359 1.51349e-17
6063.3764986 1.50324e-17
6065.55189362 1.82087e-17
6067.72728863 1.79807e-17
6069.90268364 1.71504e-17
6072.07807865 1.82304e-17
6074.25347366 1.81078e-17
6076.42886868 1.62955e-17
6078.60426369 1.67169e-17
6080.7796587 1.6857e-17
6082.95505371 1.66213e-17
6085.13044872 1.66557e-17
6087.30584373 1.7039e-17
6089.48123875 1.68082e-17
6091.65663376 1.67269e-17
6093.83202877 1.90615e-17
6096.00742378 1.98665e-17
6098.18281879 2.10671e-17
6100.35821381 2.36689e-17
6102.53360882 2.04269e-17
6104.70900383 1.78614e-17
6106.88439884 2.02999e-17
6109.05979385 2.05324e-17
6111.23518887 1.71451e-17
6113.41058388 1.54691e-17
6115.58597889 1.6249e-17
6117.7613739 1.69435e-17
6119.93676891 1.91076e-17
6122.11216393 2.09268e-17
6124.28755894 2.05728e-17
6126.46295395 1.93266e-17
6128.63834896 2.14885e-17
6130.81374397 1.97804e-17
6132.98913898 1.65984e-17
6135.164534 2.00517e-17
6137.33992901 2.34468e-17
6139.51532402 1.92539e-17
6141.69071903 1.97437e-17
6143.86611404 2.10721e-17
6146.04150906 1.90614e-17
6148.21690407 1.96693e-17
6150.39229908 1.88004e-17
6152.56769409 1.98587e-17
6154.7430891 1.83348e-17
6156.91848412 1.62294e-17
6159.09387913 1.94176e-17
6161.26927414 1.94274e-17
6163.44466915 1.86297e-17
6165.62006416 1.79943e-17
6167.79545918 1.8822e-17
6169.97085419 2.31155e-17
6172.1462492 2.19062e-17
6174.32164421 1.88335e-17
6176.49703922 1.67831e-17
6178.67243423 1.75329e-17
6180.84782925 1.89851e-17
6183.02322426 1.92426e-17
6185.19861927 1.96756e-17
6187.37401428 1.75318e-17
6189.54940929 2.01404e-17
6191.72480431 1.83594e-17
6193.90019932 1.64063e-17
6196.07559433 1.86686e-17
6198.25098934 2.00501e-17
6200.42638435 1.98145e-17
6202.60177937 1.89161e-17
6204.77717438 2.04504e-17
6206.95256939 2.23637e-17
6209.1279644 2.04893e-17
6211.30335941 1.89568e-17
6213.47875443 1.57003e-17
6215.65414944 1.58923e-17
6217.82954445 1.49131e-17
6220.00493946 1.69335e-17
6222.18033447 2.08037e-17
6224.35572948 1.70994e-17
6226.5311245 1.7549e-17
6228.70651951 1.93489e-17
6230.88191452 1.66926e-17
6233.05730953 2.0151e-17
6235.23270454 1.83759e-17
6237.40809956 1.7175e-17
6239.58349457 1.66942e-17
6241.75888958 1.84079e-17
6243.93428459 2.23685e-17
6246.1096796 1.88623e-17
6248.28507462 1.91397e-17
6250.46046963 1.75643e-17
6252.63586464 1.73713e-17
6254.81125965 1.9153e-17
6256.98665466 1.46853e-17
6259.16204968 1.58613e-17
6261.33744469 1.87932e-17
6263.5128397 1.52432e-17
6265.68823471 1.56228e-17
6267.86362972 1.56869e-17
6270.03902473 1.63915e-17
6272.21441975 1.32588e-17
6274.38981476 1.59945e-17
6276.56520977 1.73619e-17
6278.74060478 1.52914e-17
6280.91599979 1.75906e-17
6283.09139481 1.60659e-17
6285.26678982 1.55146e-17
6287.44218483 1.80556e-17
6289.61757984 1.63204e-17
6291.79297485 1.41186e-17
6293.96836987 1.60987e-17
6296.14376488 1.46215e-17
6298.31915989 1.54715e-17
6300.4945549 1.85911e-17
6302.66994991 1.67979e-17
6304.84534492 1.57705e-17
6307.02073994 1.8496e-17
6309.19613495 1.79103e-17
6311.37152996 1.548e-17
6313.54692497 1.63319e-17
6315.72231998 1.87092e-17
6317.897715 1.83989e-17
6320.07311001 1.83313e-17
6322.24850502 2.00086e-17
6324.42390003 1.9471e-17
6326.59929504 1.87881e-17
6328.77469006 1.87938e-17
6330.95008507 1.75734e-17
6333.12548008 2.10115e-17
6335.30087509 1.78884e-17
6337.4762701 1.63347e-17
6339.65166512 1.62541e-17
6341.82706013 2.10606e-17
6344.00245514 2.02259e-17
6346.17785015 1.62717e-17
6348.35324516 1.78218e-17
6350.52864017 2.04046e-17
6352.70403519 1.81253e-17
6354.8794302 1.4239e-17
6357.05482521 1.72047e-17
6359.23022022 1.71191e-17
6361.40561523 1.75497e-17
6363.58101025 1.61877e-17
6365.75640526 1.6551e-17
6367.93180027 2.04575e-17
6370.10719528 1.90534e-17
6372.28259029 1.87008e-17
6374.45798531 1.65227e-17
6376.63338032 2.04826e-17
6378.80877533 1.5623e-17
6380.98417034 1.84489e-17
6383.15956535 1.65093e-17
6385.33496037 1.69697e-17
6387.51035538 1.66291e-17
6389.68575039 1.95598e-17
6391.8611454 1.98576e-17
6394.03654041 1.87335e-17
6396.21193542 1.95497e-17
6398.38733044 2.2457e-17
6400.56272545 1.94475e-17
6402.73812046 1.56983e-17
6404.91351547 1.92156e-17
6407.08891048 2.05727e-17
6409.2643055 1.92314e-17
6411.43970051 1.62461e-17
6413.61509552 2.09629e-17
6415.79049053 2.13972e-17
6417.96588554 1.79316e-17
6420.14128056 2.12937e-17
6422.31667557 2.22614e-17
6424.49207058 1.91122e-17
6426.66746559 1.91282e-17
6428.8428606 2.12468e-17
6431.01825562 2.14635e-17
6433.19365063 1.90227e-17
6435.36904564 1.77165e-17
6437.54444065 1.81063e-17
6439.71983566 1.8066e-17
6441.89523067 2.07294e-17
6444.07062569 2.0252e-17
6446.2460207 1.84961e-17
6448.42141571 1.93092e-17
6450.59681072 2.03929e-17
6452.77220573 1.98771e-17
6454.94760075 2.27757e-17
6457.12299576 2.22687e-17
6459.29839077 2.01036e-17
6461.47378578 2.17035e-17
6463.64918079 2.11437e-17
6465.82457581 2.17907e-17
6467.99997082 2.18869e-17
6470.17536583 2.15642e-17
6472.35076084 2.11105e-17
6474.52615585 1.80987e-17
6476.70155087 1.93778e-17
6478.87694588 2.19803e-17
6481.05234089 2.18178e-17
6483.2277359 1.99606e-17
6485.40313091 1.98317e-17
6487.57852592 2.26487e-17
6489.75392094 2.41281e-17
6491.92931595 2.17077e-17
6494.10471096 2.11352e-17
6496.28010597 2.09483e-17
6498.45550098 2.07164e-17
6500.630896 2.18987e-17
6502.80629101 1.9566e-17
6504.98168602 1.92872e-17
6507.15708103 2.27921e-17
6509.33247604 2.18577e-17
6511.50787106 1.97629e-17
6513.68326607 2.04778e-17
6515.85866108 2.06212e-17
6518.03405609 2.13312e-17
6520.2094511 2.38964e-17
6522.38484612 2.4676e-17
6524.56024113 2.17633e-17
6526.73563614 2.3854e-17
6528.91103115 2.08933e-17
6531.08642616 1.70231e-17
6533.26182117 1.87356e-17
6535.43721619 2.10842e-17
6537.6126112 2.17999e-17
6539.78800621 2.04373e-17
6541.96340122 2.18102e-17
6544.13879623 2.09832e-17
6546.31419125 2.00904e-17
6548.48958626 2.06135e-17
6550.66498127 2.31149e-17
6552.84037628 2.33097e-17
6555.01577129 2.05508e-17
6557.19116631 2.39194e-17
6559.36656132 2.31217e-17
6561.54195633 2.07586e-17
6563.71735134 2.36386e-17
6565.89274635 2.35501e-17
6568.06814137 2.54425e-17
6570.24353638 2.50878e-17
6572.41893139 2.23516e-17
6574.5943264 2.0805e-17
6576.76972141 2.11088e-17
6578.94511642 2.39075e-17
6581.12051144 2.2304e-17
6583.29590645 2.13437e-17
6585.47130146 2.28768e-17
6587.64669647 2.25497e-17
6589.82209148 2.37032e-17
6591.9974865 2.01465e-17
6594.17288151 2.11618e-17
6596.34827652 2.22571e-17
6598.52367153 2.16095e-17
6600.69906654 2.05044e-17
6602.87446156 2.35372e-17
6605.04985657 2.49405e-17
6607.22525158 2.12196e-17
6609.40064659 1.88695e-17
6611.5760416 2.17989e-17
6613.75143662 2.14604e-17
6615.92683163 2.21425e-17
6618.10222664 2.38418e-17
6620.27762165 1.93064e-17
6622.45301666 2.35797e-17
6624.62841167 2.03725e-17
6626.80380669 1.87238e-17
6628.9792017 2.00316e-17
6631.15459671 1.84196e-17
6633.32999172 2.19505e-17
6635.50538673 2.17921e-17
6637.68078175 2.12932e-17
6639.85617676 2.09944e-17
6642.03157177 2.02775e-17
6644.20696678 2.07379e-17
6646.38236179 2.2342e-17
6648.55775681 2.16914e-17
6650.73315182 2.41368e-17
6652.90854683 2.23479e-17
6655.08394184 2.35175e-17
6657.25933685 2.02134e-17
6659.43473186 2.03678e-17
6661.61012688 2.31062e-17
6663.78552189 2.03251e-17
6665.9609169 2.03337e-17
6668.13631191 1.98141e-17
6670.31170692 2.03736e-17
6672.48710194 2.44859e-17
6674.66249695 2.51428e-17
6676.83789196 1.95162e-17
6679.01328697 2.14468e-17
6681.18868198 2.47708e-17
6683.364077 1.97243e-17
6685.53947201 1.91248e-17
6687.71486702 1.98221e-17
6689.89026203 2.35228e-17
6692.06565704 2.24429e-17
6694.24105206 2.35455e-17
6696.41644707 2.44289e-17
6698.59184208 2.22881e-17
6700.76723709 2.27125e-17
6702.9426321 2.37908e-17
6705.11802711 2.0412e-17
6707.29342213 2.04882e-17
6709.46881714 2.37699e-17
6711.64421215 2.55983e-17
6713.81960716 2.29627e-17
6715.99500217 2.31638e-17
6718.17039719 2.40283e-17
6720.3457922 2.50237e-17
6722.52118721 2.20945e-17
6724.69658222 2.26026e-17
6726.87197723 2.46726e-17
6729.04737225 2.2976e-17
6731.22276726 2.11921e-17
6733.39816227 2.19846e-17
6735.57355728 2.29243e-17
6737.74895229 2.43979e-17
6739.92434731 2.3574e-17
6742.09974232 2.11494e-17
6744.27513733 2.23813e-17
6746.45053234 2.46748e-17
6748.62592735 2.27647e-17
6750.80132236 1.98192e-17
6752.97671738 1.9615e-17
6755.15211239 2.22471e-17
6757.3275074 2.27578e-17
6759.50290241 2.65664e-17
6761.67829742 2.42646e-17
6763.85369244 1.95089e-17
6766.02908745 1.96512e-17
6768.20448246 2.07822e-17
6770.37987747 2.20759e-17
6772.55527248 2.30071e-17
6774.7306675 2.24204e-17
6776.90606251 2.2336e-17
6779.08145752 2.4652e-17
6781.25685253 2.10024e-17
6783.43224754 2.05218e-17
6785.60764256 2.22291e-17
6787.78303757 2.07242e-17
6789.95843258 2.20143e-17
6792.13382759 2.20662e-17
6794.3092226 2.29041e-17
6796.48461761 2.24268e-17
6798.66001263 1.97018e-17
6800.83540764 1.87612e-17
6803.01080265 2.42058e-17
6805.18619766 2.36427e-17
6807.36159267 1.81972e-17
6809.53698769 2.19623e-17
6811.7123827 2.11469e-17
6813.88777771 1.98935e-17
6816.06317272 2.28266e-17
6818.23856773 2.36221e-17
6820.41396275 2.38552e-17
6822.58935776 2.28298e-17
6824.76475277 1.92305e-17
6826.94014778 1.83572e-17
6829.11554279 1.8182e-17
6831.29093781 2.23162e-17
6833.46633282 1.95657e-17
6835.64172783 1.76041e-17
6837.81712284 2.078e-17
6839.99251785 2.14244e-17
6842.16791286 2.05306e-17
6844.34330788 2.09498e-17
6846.51870289 2.25152e-17
6848.6940979 2.34442e-17
6850.86949291 2.47509e-17
6853.04488792 2.04576e-17
6855.22028294 1.76071e-17
6857.39567795 2.09309e-17
6859.57107296 2.32263e-17
6861.74646797 2.01492e-17
6863.92186298 2.07617e-17
6866.097258 2.01698e-17
6868.27265301 1.65281e-17
6870.44804802 1.60237e-17
6872.62344303 1.32203e-17
6874.79883804 1.64712e-17
6876.97423306 1.55261e-17
6879.14962807 1.73916e-17
6881.32502308 1.61763e-17
6883.50041809 1.91366e-17
6885.6758131 2.02746e-17
6887.85120811 1.84166e-17
6890.02660313 1.69742e-17
6892.20199814 1.75079e-17
6894.37739315 2.098e-17
6896.55278816 1.88705e-17
6898.72818317 1.89612e-17
6900.90357819 1.74214e-17
6903.0789732 1.75854e-17
6905.25436821 1.79686e-17
6907.42976322 1.88804e-17
6909.60515823 1.8795e-17
6911.78055325 1.8949e-17
6913.95594826 1.93354e-17
6916.13134327 1.94748e-17
6918.30673828 2.00105e-17
6920.48213329 1.85206e-17
6922.65752831 1.90724e-17
6924.83292332 2.06597e-17
6927.00831833 2.3774e-17
6929.18371334 2.03267e-17
6931.35910835 2.05219e-17
6933.53450336 2.44994e-17
6935.70989838 2.55333e-17
6937.88529339 2.24386e-17
6940.0606884 1.89889e-17
6942.23608341 1.8588e-17
6944.41147842 2.04256e-17
6946.58687344 1.84717e-17
6948.76226845 2.16477e-17
6950.93766346 2.17756e-17
6953.11305847 2.21227e-17
6955.28845348 2.2056e-17
6957.4638485 2.05488e-17
6959.63924351 2.22798e-17
6961.81463852 2.35857e-17
6963.99003353 1.9968e-17
6966.16542854 2.02674e-17
6968.34082356 1.77291e-17
6970.51621857 1.92576e-17
6972.69161358 2.08405e-17
6974.86700859 1.91664e-17
6977.0424036 2.17202e-17
6979.21779861 2.47904e-17
6981.39319363 2.09345e-17
6983.56858864 2.13944e-17
6985.74398365 2.14911e-17
6987.91937866 1.8054e-17
6990.09477367 1.84984e-17
6992.27016869 2.02292e-17
6994.4455637 2.1258e-17
6996.62095871 1.80134e-17
6998.79635372 1.88371e-17
7000.97174873 2.1763e-17
7003.14714375 1.95683e-17
7005.32253876 2.07212e-17
7007.49793377 2.19828e-17
7009.67332878 2.04695e-17
7011.84872379 2.04847e-17
7014.02411881 1.81932e-17
7016.19951382 2.18175e-17
7018.37490883 2.1449e-17
7020.55030384 1.68313e-17
7022.72569885 1.96931e-17
7024.90109386 1.83933e-17
7027.07648888 2.13943e-17
7029.25188389 2.19058e-17
7031.4272789 2.02738e-17
7033.60267391 2.29339e-17
7035.77806892 1.86727e-17
7037.95346394 2.03882e-17
7040.12885895 2.29563e-17
7042.30425396 2.16397e-17
7044.47964897 2.40413e-17
7046.65504398 2.0477e-17
7048.830439 1.94416e-17
7051.00583401 2.2703e-17
7053.18122902 2.04514e-17
7055.35662403 2.27314e-17
7057.53201904 2.25165e-17
7059.70741405 1.94568e-17
7061.88280907 1.89648e-17
7064.05820408 2.10791e-17
7066.23359909 1.92326e-17
7068.4089941 2.02297e-17
7070.58438911 2.26512e-17
7072.75978413 2.32753e-17
7074.93517914 2.25224e-17
7077.11057415 1.88486e-17
7079.28596916 2.28282e-17
7081.46136417 2.25389e-17
7083.63675919 1.86356e-17
7085.8121542 1.96711e-17
7087.98754921 2.11226e-17
7090.16294422 1.96768e-17
7092.33833923 2.07213e-17
7094.51373425 1.97173e-17
7096.68912926 1.87649e-17
7098.86452427 1.83913e-17
7101.03991928 1.9661e-17
7103.21531429 2.28839e-17
7105.3907093 2.2003e-17
7107.56610432 1.93684e-17
7109.74149933 2.23127e-17
7111.91689434 2.22238e-17
7114.09228935 1.98671e-17
7116.26768436 1.94531e-17
7118.44307938 1.99469e-17
7120.61847439 2.16851e-17
7122.7938694 2.0389e-17
7124.96926441 2.1044e-17
7127.14465942 2.01841e-17
7129.32005444 1.88133e-17
7131.49544945 1.93045e-17
7133.67084446 1.67653e-17
7135.84623947 2.08293e-17
7138.02163448 2.06343e-17
7140.1970295 1.64018e-17
7142.37242451 2.25575e-17
7144.54781952 1.88903e-17
7146.72321453 1.64161e-17
7148.89860954 2.07272e-17
7151.07400455 2.06113e-17
7153.24939957 2.37433e-17
7155.42479458 2.06488e-17
7157.60018959 1.87372e-17
7159.7755846 1.89698e-17
7161.95097961 2.34438e-17
7164.12637463 1.81058e-17
7166.30176964 2.00097e-17
7168.47716465 1.9303e-17
7170.65255966 2.01575e-17
7172.82795467 2.09197e-17
7175.00334969 2.0483e-17
7177.1787447 1.99445e-17
7179.35413971 1.96832e-17
7181.52953472 2.21144e-17
7183.70492973 2.17672e-17
7185.88032475 2.078e-17
7188.05571976 2.22186e-17
7190.23111477 2.13061e-17
7192.40650978 1.9587e-17
7194.58190479 1.95226e-17
7196.7572998 1.82064e-17
7198.93269482 1.82721e-17
7201.10808983 2.00216e-17
7203.28348484 2.18723e-17
7205.45887985 2.40201e-17
7207.63427486 2.5217e-17
7209.80966988 2.16576e-17
7211.98506489 2.17446e-17
7214.1604599 2.13324e-17
7216.33585491 2.17036e-17
7218.51124992 2.43444e-17
7220.68664494 2.13123e-17
7222.86203995 2.21851e-17
7225.03743496 2.16982e-17
7227.21282997 2.08973e-17
7229.38822498 2.212e-17
7231.56362 1.99435e-17
7233.73901501 1.79009e-17
7235.91441002 1.91998e-17
7238.08980503 2.10062e-17
7240.26520004 1.98202e-17
7242.44059505 2.22351e-17
7244.61599007 2.1e-17
7246.79138508 1.90017e-17
7248.96678009 2.10613e-17
7251.1421751 2.23263e-17
7253.31757011 2.42057e-17
7255.49296513 2.26569e-17
7257.66836014 2.38543e-17
7259.84375515 2.1945e-17
7262.01915016 2.17051e-17
7264.19454517 1.86416e-17
7266.36994019 2.06869e-17
7268.5453352 2.04536e-17
7270.72073021 2.36513e-17
7272.89612522 2.71839e-17
7275.07152023 2.39532e-17
7277.24691525 2.13852e-17
7279.42231026 1.98004e-17
7281.59770527 1.72809e-17
7283.77310028 2.19264e-17
7285.94849529 2.11216e-17
7288.1238903 1.92119e-17
7290.29928532 1.78308e-17
7292.47468033 1.80595e-17
7294.65007534 2.04638e-17
7296.82547035 2.16014e-17
7299.00086536 2.17727e-17
7301.17626038 1.67467e-17
7303.35165539 1.93394e-17
7305.5270504 2.02231e-17
7307.70244541 1.89413e-17
7309.87784042 2.25305e-17
7312.05323544 2.26728e-17
7314.22863045 2.69158e-17
7316.40402546 2.2398e-17
7318.57942047 2.14436e-17
7320.75481548 2.24589e-17
7322.9302105 1.98722e-17
7325.10560551 2.07398e-17
7327.28100052 2.05015e-17
7329.45639553 2.28305e-17
7331.63179054 2.10178e-17
7333.80718555 2.04946e-17
7335.98258057 2.39867e-17
7338.15797558 1.92522e-17
7340.33337059 1.92927e-17
7342.5087656 2.13101e-17
7344.68416061 2.23997e-17
7346.85955563 2.37951e-17
7349.03495064 1.83584e-17
7351.21034565 2.17844e-17
7353.38574066 2.30027e-17
7355.56113567 2.16715e-17
7357.73653069 2.21877e-17
7359.9119257 2.00332e-17
7362.08732071 1.93295e-17
7364.26271572 2.24967e-17
7366.43811073 2.33884e-17
7368.61350575 1.98685e-17
7370.78890076 2.25624e-17
7372.96429577 2.19901e-17
7375.13969078 2.23747e-17
7377.31508579 2.1971e-17
7379.4904808 2.09696e-17
7381.66587582 1.9571e-17
7383.84127083 2.14404e-17
7386.01666584 2.31221e-17
7388.19206085 2.08371e-17
7390.36745586 2.12025e-17
7392.54285088 2.0175e-17
7394.71824589 2.06625e-17
7396.8936409 2.27436e-17
7399.06903591 2.06002e-17
7401.24443092 2.0002e-17
7403.41982594 2.45267e-17
7405.59522095 2.61833e-17
7407.77061596 2.33469e-17
7409.94601097 2.04723e-17
7412.12140598 2.02479e-17
7414.29680099 2.25752e-17
7416.47219601 2.31956e-17
7418.64759102 2.28574e-17
7420.82298603 2.20217e-17
7422.99838104 2.0778e-17
7425.17377605 1.92725e-17
7427.34917107 1.81321e-17
7429.52456608 2.2749e-17
7431.69996109 2.25479e-17
7433.8753561 2.7583e-17
7436.05075111 2.34433e-17
7438.22614613 2.13962e-17
7440.40154114 2.28011e-17
7442.57693615 2.35623e-17
7444.75233116 2.32032e-17
7446.92772617 2.20512e-17
7449.10312119 2.18384e-17
7451.2785162 2.09964e-17
7453.45391121 1.91568e-17
7455.62930622 1.87326e-17
7457.80470123 2.20155e-17
7459.98009624 2.14568e-17
7462.15549126 2.04578e-17
7464.33088627 2.05071e-17
7466.50628128 1.91786e-17
7468.68167629 2.38057e-17
7470.8570713 2.3244e-17
7473.03246632 1.99861e-17
7475.20786133 1.8829e-17
7477.38325634 1.87016e-17
7479.55865135 1.77116e-17
7481.73404636 1.82211e-17
7483.90944138 1.71361e-17
7486.08483639 2.01817e-17
7488.2602314 1.91861e-17
7490.43562641 1.96686e-17
7492.61102142 1.77776e-17
7494.78641644 1.52723e-17
7496.96181145 1.86779e-17
7499.13720646 1.67024e-17
7501.31260147 2.00939e-17
7503.48799648 1.93018e-17
7505.66339149 1.98249e-17
7507.83878651 2.14667e-17
7510.01418152 2.09014e-17
7512.18957653 1.87484e-17
7514.36497154 2.07348e-17
7516.54036655 2.21936e-17
7518.71576157 1.82174e-17
7520.89115658 1.67128e-17
7523.06655159 2.04744e-17
7525.2419466 2.19302e-17
7527.41734161 1.81211e-17
7529.59273663 1.91961e-17
7531.76813164 1.78431e-17
7533.94352665 1.57886e-17
7536.11892166 1.88808e-17
7538.29431667 1.93089e-17
7540.46971169 1.70875e-17
7542.6451067 1.76548e-17
7544.82050171 2.15953e-17
7546.99589672 1.81221e-17
7549.17129173 1.4659e-17
7551.34668674 1.72911e-17
7553.52208176 1.84131e-17
7555.69747677 1.87236e-17
7557.87287178 1.74088e-17
7560.04826679 1.48266e-17
7562.2236618 1.61652e-17
7564.39905682 1.58044e-17
7566.57445183 1.54991e-17
7568.74984684 2.13666e-17
7570.92524185 1.81635e-17
7573.10063686 1.7498e-17
7575.27603188 1.99467e-17
7577.45142689 1.77011e-17
7579.6268219 1.80779e-17
7581.80221691 1.5854e-17
7583.97761192 1.59554e-17
7586.15300694 1.61437e-17
7588.32840195 1.78375e-17
7590.50379696 1.5744e-17
7592.67919197 1.40899e-17
7594.85458698 7.54804e-18
7597.02998199 8.22281e-18
7599.20537701 7.27011e-18
7601.38077202 1.19164e-18
7603.55616703 3.84363e-18
7605.73156204 3.72337e-18
7607.90695705 5.66569e-18
7610.08235207 4.59305e-18
7612.25774708 9.04598e-18
7614.43314209 9.30401e-18
7616.6085371 1.03182e-17
7618.78393211 1.01152e-17
7620.95932713 1.22261e-17
7623.13472214 6.50562e-18
7625.31011715 6.10251e-18
7627.48551216 4.43118e-18
7629.66090717 6.7455e-18
7631.83630219 6.95385e-18
7634.0116972 8.11908e-18
7636.18709221 8.79677e-18
7638.36248722 1.03329e-17
7640.53788223 1.25034e-17
7642.71327724 1.39491e-17
7644.88867226 1.21592e-17
7647.06406727 1.17682e-17
7649.23946228 9.27223e-18
7651.41485729 1.12062e-17
7653.5902523 1.22157e-17
7655.76564732 1.15933e-17
7657.94104233 1.65586e-17
7660.11643734 1.93614e-17
7662.29183235 1.51796e-17
7664.46722736 1.70671e-17
7666.64262238 1.58058e-17
7668.81801739 1.61931e-17
7670.9934124 1.92226e-17
7673.16880741 1.99785e-17
7675.34420242 1.47e-17
7677.51959744 1.33882e-17
7679.69499245 1.65096e-17
7681.87038746 1.70644e-17
7684.04578247 1.92737e-17
7686.22117748 1.80447e-17
7688.39657249 1.84596e-17
7690.57196751 1.87569e-17
7692.74736252 1.87125e-17
7694.92275753 1.95978e-17
7697.09815254 1.9002e-17
7699.27354755 1.79444e-17
7701.44894257 1.70599e-17
7703.62433758 1.82633e-17
7705.79973259 2.0228e-17
7707.9751276 1.94755e-17
7710.15052261 1.9306e-17
7712.32591763 2.00029e-17
7714.50131264 2.04619e-17
7716.67670765 2.36492e-17
7718.85210266 2.25895e-17
7721.02749767 1.99685e-17
7723.20289269 1.64411e-17
7725.3782877 1.94345e-17
7727.55368271 2.51618e-17
7729.72907772 2.59376e-17
7731.90447273 2.26162e-17
7734.07986774 1.63161e-17
7736.25526276 1.92354e-17
7738.43065777 1.89748e-17
7740.60605278 1.96576e-17
7742.78144779 1.97767e-17
7744.9568428 1.82177e-17
7747.13223782 1.44557e-17
7749.30763283 1.42657e-17
7751.48302784 2.03945e-17
7753.65842285 2.39296e-17
7755.83381786 1.57931e-17
7758.00921288 1.46831e-17
7760.18460789 1.71638e-17
7762.3600029 1.52016e-17
7764.53539791 2.14676e-17
7766.71079292 1.88361e-17
7768.88618793 2.12832e-17
7771.06158295 2.21006e-17
7773.23697796 1.77436e-17
7775.41237297 1.84348e-17
7777.58776798 2.1269e-17
7779.76316299 1.93214e-17
7781.93855801 2.39239e-17
7784.11395302 2.1225e-17
7786.28934803 1.99804e-17
7788.46474304 1.64244e-17
7790.64013805 1.84018e-17
7792.81553307 1.91492e-17
7794.99092808 2.10423e-17
7797.16632309 2.23328e-17
7799.3417181 2.17303e-17
7801.51711311 2.06021e-17
7803.69250813 2.03446e-17
7805.86790314 1.9525e-17
7808.04329815 1.85657e-17
7810.21869316 2.07895e-17
7812.39408817 2.14313e-17
7814.56948318 2.02406e-17
7816.7448782 2.26012e-17
7818.92027321 2.65621e-17
7821.09566822 2.92212e-17
7823.27106323 2.60638e-17
7825.44645824 1.73048e-17
7827.62185326 1.6819e-17
7829.79724827 2.10091e-17
7831.97264328 2.2329e-17
7834.14803829 2.10578e-17
7836.3234333 2.16397e-17
7838.49882832 2.15512e-17
7840.67422333 2.19688e-17
7842.84961834 2.28105e-17
7845.02501335 2.16806e-17
7847.20040836 2.38357e-17
7849.37580338 1.95123e-17
7851.55119839 1.56171e-17
7853.7265934 2.02802e-17
7855.90198841 1.95067e-17
7858.07738342 1.57096e-17
7860.25277843 1.79058e-17
7862.42817345 1.63339e-17
7864.60356846 1.75048e-17
7866.77896347 2.78597e-17
7868.95435848 2.83545e-17
7871.12975349 2.14242e-17
7873.30514851 2.32806e-17
7875.48054352 2.44117e-17
7877.65593853 2.40041e-17
7879.83133354 1.75604e-17
7882.00672855 1.84586e-17
7884.18212357 1.95472e-17
7886.35751858 1.77544e-17
7888.53291359 2.43158e-17
7890.7083086 2.29585e-17
7892.88370361 1.75108e-17
7895.05909863 2.30147e-17
7897.23449364 1.89857e-17
7899.40988865 1.70773e-17
7901.58528366 1.97007e-17
7903.76067867 2.06456e-17
7905.93607368 2.13024e-17
7908.1114687 1.82905e-17
7910.28686371 2.06532e-17
7912.46225872 2.35702e-17
7914.63765373 2.47983e-17
7916.81304874 2.11761e-17
7918.98844376 1.72613e-17
7921.16383877 2.25856e-17
7923.33923378 2.68004e-17
7925.51462879 2.49634e-17
7927.6900238 2.23063e-17
7929.86541882 2.05961e-17
7932.04081383 2.45991e-17
7934.21620884 2.14295e-17
7936.39160385 1.66787e-17
7938.56699886 2.0455e-17
7940.74239388 2.10435e-17
7942.91778889 1.60664e-17
7945.0931839 1.84117e-17
7947.26857891 2.01154e-17
7949.44397392 1.93357e-17
7951.61936893 1.80082e-17
7953.79476395 1.70634e-17
7955.97015896 2.04976e-17
7958.14555397 1.96491e-17
7960.32094898 2.40818e-17
7962.49634399 3.00175e-17
7964.67173901 3.28093e-17
7966.84713402 2.69654e-17
7969.02252903 1.94656e-17
7971.19792404 2.04603e-17
7973.37331905 1.80124e-17
7975.54871407 1.58868e-17
7977.72410908 2.18038e-17
7979.89950409 2.31524e-17
7982.0748991 1.46608e-17
7984.25029411 1.8537e-17
7986.42568913 1.91824e-17
7988.60108414 2.01089e-17
7990.77647915 1.91222e-17
7992.95187416 2.07654e-17
7995.12726917 2.77064e-17
7997.30266418 2.3087e-17
7999.4780592 1.75961e-17
8001.65345421 2.21732e-17
8003.82884922 2.25172e-17
8006.00424423 1.87838e-17
8008.17963924 1.87488e-17
8010.35503426 1.9116e-17
8012.53042927 2.00537e-17
8014.70582428 2.18401e-17
8016.88121929 1.74519e-17
