#z 0.117
3578.02911568 1.56734346201e-16
3580.19710016 1.83558087776e-16
3582.36508465 1.90201805355e-16
3584.53306913 1.91267203601e-16
3586.70105362 2.05921651629e-16
3588.86903811 2.06227912051e-16
3591.03702259 2.07702006971e-16
3593.20500708 2.26913152015e-16
3595.37299156 2.20032286718e-16
3597.54097605 2.20358062622e-16
3599.70896053 2.00399681368e-16
3601.87694502 1.81136407327e-16
3604.0449295 1.83035936003e-16
3606.21291399 2.12651383894e-16
3608.38089848 1.98975551332e-16
3610.54888296 1.86886997344e-16
3612.71686745 1.98600205513e-16
3614.88485193 1.93431570789e-16
3617.05283642 2.06135611175e-16
3619.2208209 2.15388380344e-16
3621.38880539 2.11465766038e-16
3623.55678988 2.22052066992e-16
3625.72477436 1.98298875605e-16
3627.89275885 2.12177850613e-16
3630.06074333 2.15311425065e-16
3632.22872782 2.15204758491e-16
3634.3967123 2.09311304113e-16
3636.56469679 1.99472892319e-16
3638.73268127 2.10690689718e-16
3640.90066576 2.08930348059e-16
3643.06865025 2.10040651909e-16
3645.23663473 1.88947631492e-16
3647.40461922 1.83311455337e-16
3649.5726037 2.08914992014e-16
3651.74058819 1.94978701213e-16
3653.90857267 2.04586430509e-16
3656.07655716 2.2558486849e-16
3658.24454165 2.11672084926e-16
3660.41252613 1.89219840851e-16
3662.58051062 1.9568253377e-16
3664.7484951 1.68878447662e-16
3666.91647959 1.81459976301e-16
3669.08446407 1.91314880792e-16
3671.25244856 1.95242292325e-16
3673.42043304 1.93217178421e-16
3675.58841753 1.95118770684e-16
3677.75640202 2.05725488824e-16
3679.9243865 1.98441123211e-16
3682.09237099 2.15702023358e-16
3684.26035547 1.99495135005e-16
3686.42833996 2.09849221023e-16
3688.59632444 1.89046010272e-16
3690.76430893 1.92124017348e-16
3692.93229342 1.99161476526e-16
3695.1002779 1.93703675275e-16
3697.26826239 1.78582134613e-16
3699.43624687 2.0177398301e-16
3701.60423136 1.86238425224e-16
3703.77221584 2.00783387623e-16
3705.94020033 2.02494517013e-16
3708.10818481 2.03460832705e-16
3710.2761693 2.14026253538e-16
3712.44415379 2.02360412082e-16
3714.61213827 1.90799073257e-16
3716.78012276 1.95561434405e-16
3718.94810724 1.77492488088e-16
3721.11609173 1.92479576846e-16
3723.28407621 1.99059370721e-16
3725.4520607 2.05433141691e-16
3727.62004519 2.00741888446e-16
3729.78802967 1.83652094512e-16
3731.95601416 1.97419762301e-16
3734.12399864 1.92834831209e-16
3736.29198313 1.95936205555e-16
3738.45996761 2.09595877053e-16
3740.6279521 2.02910997684e-16
3742.79593658 1.90094809012e-16
3744.96392107 1.9924615492e-16
3747.13190556 2.0251746639e-16
3749.29989004 1.95821242259e-16
3751.46787453 1.89498797343e-16
3753.63585901 1.86111697268e-16
3755.8038435 1.89787419839e-16
3757.97182798 1.96727815658e-16
3760.13981247 2.02418916913e-16
3762.30779696 2.01060966862e-16
3764.47578144 1.9192017746e-16
3766.64376593 1.75893746301e-16
3768.81175041 1.83688737024e-16
3770.9797349 1.87078971644e-16
3773.14771938 1.82083036732e-16
3775.31570387 1.92114471002e-16
3777.48368835 1.87384778936e-16
3779.65167284 2.06824899109e-16
3781.81965733 1.93032645734e-16
3783.98764181 1.87436640259e-16
3786.1556263 1.94259377448e-16
3788.32361078 1.95776813174e-16
3790.49159527 1.92229093168e-16
3792.65957975 1.99823170241e-16
3794.82756424 1.86346903242e-16
3796.99554873 1.782388816e-16
3799.16353321 1.91826601488e-16
3801.3315177 1.88833578024e-16
3803.49950218 1.82197857412e-16
3805.66748667 1.98201948599e-16
3807.83547115 1.88167944239e-16
3810.00345564 1.73078076604e-16
3812.17144012 1.84364047401e-16
3814.33942461 1.97090098444e-16
3816.5074091 2.02413542212e-16
3818.67539358 1.98162000017e-16
3820.84337807 1.86711583949e-16
3823.01136255 1.97122123385e-16
3825.17934704 1.8218622074e-16
3827.34733152 1.79624915814e-16
3829.51531601 1.7309185877e-16
3831.6833005 1.74418036499e-16
3833.85128498 1.80645768344e-16
3836.01926947 1.80501825958e-16
3838.18725395 1.85286957898e-16
3840.35523844 1.82043199946e-16
3842.52322292 1.95490978695e-16
3844.69120741 1.84238982085e-16
3846.85919189 1.7948610096e-16
3849.02717638 1.76404236896e-16
3851.19516087 1.89803669595e-16
3853.36314535 1.73628741305e-16
3855.53112984 1.82083645962e-16
3857.69911432 1.75890149271e-16
3859.86709881 1.73194864052e-16
3862.03508329 1.77984204951e-16
3864.20306778 1.82432737112e-16
3866.37105227 1.96034618214e-16
3868.53903675 1.89939675156e-16
3870.70702124 1.80526983351e-16
3872.87500572 1.91096047836e-16
3875.04299021 1.89896375731e-16
3877.21097469 1.83553989284e-16
3879.37895918 1.82513522339e-16
3881.54694366 1.77384798622e-16
3883.71492815 1.92896489508e-16
3885.88291264 1.8713193395e-16
3888.05089712 1.76474408496e-16
3890.21888161 1.79644347177e-16
3892.38686609 1.77058790489e-16
3894.55485058 1.80497082155e-16
3896.72283506 1.91438021173e-16
3898.89081955 1.86980293652e-16
3901.05880404 1.90384943876e-16
3903.22678852 1.83594720121e-16
3905.39477301 1.94903339077e-16
3907.56275749 1.93161699971e-16
3909.73074198 1.69692323018e-16
3911.89872646 1.60089645076e-16
3914.06671095 1.65182678932e-16
3916.23469543 1.69057533929e-16
3918.40267992 1.7770280739e-16
3920.57066441 1.87321946005e-16
3922.73864889 1.73938590134e-16
3924.90663338 1.7151616918e-16
3927.07461786 1.81354241191e-16
3929.24260235 1.82484253911e-16
3931.41058683 1.74264474556e-16
3933.57857132 1.73133001389e-16
3935.74655581 1.79757438891e-16
3937.91454029 1.87159761145e-16
3940.08252478 1.9441161632e-16
3942.25050926 1.83733774418e-16
3944.41849375 1.73461807144e-16
3946.58647823 1.70767297552e-16
3948.75446272 1.66066528327e-16
3950.9224472 1.76000506482e-16
3953.09043169 1.74604973356e-16
3955.25841618 1.73486683081e-16
3957.42640066 1.83939031148e-16
3959.59438515 1.80217705891e-16
3961.76236963 1.76008148965e-16
3963.93035412 1.72832372024e-16
3966.0983386 1.67581695391e-16
3968.26632309 1.7340444917e-16
3970.43430758 1.72622152029e-16
3972.60229206 1.71137399462e-16
3974.77027655 1.85081353254e-16
3976.93826103 1.7499867314e-16
3979.10624552 1.67595570603e-16
3981.27423 1.69830060803e-16
3983.44221449 1.63274713382e-16
3985.61019897 1.66030472747e-16
3987.77818346 1.65739196339e-16
3989.94616795 1.65256468455e-16
3992.11415243 1.76302641307e-16
3994.28213692 1.74155144275e-16
3996.4501214 1.68082728436e-16
3998.61810589 1.72084618682e-16
4000.78609037 1.6988784812e-16
4002.95407486 1.70480041232e-16
4005.12205935 1.71345323268e-16
4007.29004383 1.73014670411e-16
4009.45802832 1.68106684965e-16
4011.6260128 1.69163664926e-16
4013.79399729 1.87062952091e-16
4015.96198177 1.82057844129e-16
4018.12996626 1.73482299031e-16
4020.29795074 1.79479869369e-16
4022.46593523 1.65838988319e-16
4024.63391972 1.73107204461e-16
4026.8019042 1.72981008781e-16
4028.96988869 1.6280174193e-16
4031.13787317 1.78387352319e-16
4033.30585766 1.78624286173e-16
4035.47384214 1.82202853082e-16
4037.64182663 1.66911791901e-16
4039.80981112 1.73096868235e-16
4041.9777956 1.80346685913e-16
4044.14578009 1.7795690675e-16
4046.31376457 1.89943509736e-16
4048.48174906 1.80234753664e-16
4050.64973354 1.64216714909e-16
4052.81771803 1.74323236889e-16
4054.98570251 1.71848467921e-16
4057.153687 1.69412654189e-16
4059.32167149 1.81782120672e-16
4061.48965597 1.81770780668e-16
4063.65764046 1.69258630524e-16
4065.82562494 1.62358916931e-16
4067.99360943 1.57060982455e-16
4070.16159391 1.69758108284e-16
4072.3295784 1.69648008155e-16
4074.49756289 1.80837114049e-16
4076.66554737 1.7971687571e-16
4078.83353186 1.72949331694e-16
4081.00151634 1.75031822799e-16
4083.16950083 1.7271062168e-16
4085.33748531 1.70800652699e-16
4087.5054698 1.60392945081e-16
4089.67345428 1.75384662918e-16
4091.84143877 1.81045438698e-16
4094.00942326 1.57678825435e-16
4096.17740774 1.8199819842e-16
4098.34539223 1.75869544502e-16
4100.51337671 1.78385961446e-16
4102.6813612 1.61681470255e-16
4104.84934568 1.56675208071e-16
4107.01733017 1.70701940852e-16
4109.18531466 1.61128927461e-16
4111.35329914 1.57793277265e-16
4113.52128363 1.57179831879e-16
4115.68926811 1.52101363638e-16
4117.8572526 1.67608106538e-16
4120.02523708 1.65692435307e-16
4122.19322157 1.67942216287e-16
4124.36120605 1.69435985488e-16
4126.52919054 1.67834277144e-16
4128.69717503 1.65685583503e-16
4130.86515951 1.67537779182e-16
4133.033144 1.6273685647e-16
4135.20112848 1.6008106202e-16
4137.36911297 1.69094808271e-16
4139.53709745 1.67278596019e-16
4141.70508194 1.71453909765e-16
4143.87306643 1.60262109571e-16
4146.04105091 1.59416264467e-16
4148.2090354 1.49980634392e-16
4150.37701988 1.66123591625e-16
4152.54500437 1.63322295769e-16
4154.71298885 1.51801084823e-16
4156.88097334 1.72767178566e-16
4159.04895782 1.73307145452e-16
4161.21694231 1.55831075352e-16
4163.3849268 1.53162116545e-16
4165.55291128 1.67831061526e-16
4167.72089577 1.75835265624e-16
4169.88888025 1.61600968969e-16
4172.05686474 1.52049326947e-16
4174.22484922 1.69240608807e-16
4176.39283371 1.62503532093e-16
4178.5608182 1.52997463725e-16
4180.72880268 1.65602080869e-16
4182.89678717 1.86310102458e-16
4185.06477165 1.81411398493e-16
4187.23275614 1.71603325408e-16
4189.40074062 1.54804132786e-16
4191.56872511 1.57210005794e-16
4193.73670959 1.57840151425e-16
4195.90469408 1.54184707332e-16
4198.07267857 1.52869070031e-16
4200.24066305 1.43800658435e-16
4202.40864754 1.55893990985e-16
4204.57663202 1.60447796664e-16
4206.74461651 1.62629077688e-16
4208.91260099 1.5345846152e-16
4211.08058548 1.51958226387e-16
4213.24856997 1.60947119556e-16
4215.41655445 1.6961876061e-16
4217.58453894 1.69870082071e-16
4219.75252342 1.61952639565e-16
4221.92050791 1.63345013104e-16
4224.08849239 1.6231962686e-16
4226.25647688 1.68909334302e-16
4228.42446136 1.59532925984e-16
4230.59244585 1.43020730157e-16
4232.76043034 1.55805040312e-16
4234.92841482 1.48855342114e-16
4237.09639931 1.46176760592e-16
4239.26438379 1.5863644653e-16
4241.43236828 1.59369674041e-16
4243.60035276 1.57738058969e-16
4245.76833725 1.50650096327e-16
4247.93632174 1.5488441548e-16
4250.10430622 1.6567686672e-16
4252.27229071 1.63071028711e-16
4254.44027519 1.5713788325e-16
4256.60825968 1.51898494347e-16
4258.77624416 1.41711963847e-16
4260.94422865 1.42275221717e-16
4263.11221313 1.61197179684e-16
4265.28019762 1.57018879779e-16
4267.44818211 1.54381194522e-16
4269.61616659 1.33187936881e-16
4271.78415108 1.31442282011e-16
4273.95213556 1.41696078638e-16
4276.12012005 1.37436573244e-16
4278.28810453 1.34343368326e-16
4280.45608902 1.45757165415e-16
4282.62407351 1.42026205706e-16
4284.79205799 1.49759073054e-16
4286.96004248 1.47978401537e-16
4289.12802696 1.46522974972e-16
4291.29601145 1.47114029713e-16
4293.46399593 1.50577500486e-16
4295.63198042 1.49672308963e-16
4297.7999649 1.54695519432e-16
4299.96794939 1.63737737222e-16
4302.13593388 1.53138184132e-16
4304.30391836 1.48408184086e-16
4306.47190285 1.537500391e-16
4308.63988733 1.58278141849e-16
4310.80787182 1.51681723174e-16
4312.9758563 1.50620773905e-16
4315.14384079 1.56250171019e-16
4317.31182528 1.55577808701e-16
4319.47980976 1.64038316764e-16
4321.64779425 1.59067195796e-16
4323.81577873 1.50694327843e-16
4325.98376322 1.53232565199e-16
4328.1517477 1.56579514215e-16
4330.31973219 1.57436140267e-16
4332.48771667 1.47180504723e-16
4334.65570116 1.34190153954e-16
4336.82368565 1.40988211996e-16
4338.99167013 1.52017846259e-16
4341.15965462 1.5404739924e-16
4343.3276391 1.46786758423e-16
4345.49562359 1.55279288337e-16
4347.66360807 1.53111578922e-16
4349.83159256 1.4762876384e-16
4351.99957705 1.53242587559e-16
4354.16756153 1.51594805787e-16
4356.33554602 1.58349921476e-16
4358.5035305 1.48996648294e-16
4360.67151499 1.48627764137e-16
4362.83949947 1.56927039679e-16
4365.00748396 1.45572832263e-16
4367.17546844 1.50421635202e-16
4369.34345293 1.57853051174e-16
4371.51143742 1.62480997518e-16
4373.6794219 1.6240371229e-16
4375.84740639 1.52132920665e-16
4378.01539087 1.47668050815e-16
4380.18337536 1.50100322691e-16
4382.35135984 1.3529549684e-16
4384.51934433 1.31377302562e-16
4386.68732882 1.32413550288e-16
4388.8553133 1.30239165332e-16
4391.02329779 1.34220151586e-16
4393.19128227 1.43404515623e-16
4395.35926676 1.3299379116e-16
4397.52725124 1.41610358692e-16
4399.69523573 1.4640643846e-16
4401.86322021 1.53643489966e-16
4404.0312047 1.41826111825e-16
4406.19918919 1.46284999871e-16
4408.36717367 1.46515718613e-16
4410.53515816 1.36821161858e-16
4412.70314264 1.39935142995e-16
4414.87112713 1.44771113645e-16
4417.03911161 1.39091572364e-16
4419.2070961 1.37046449906e-16
4421.37508059 1.28382909526e-16
4423.54306507 1.19228046187e-16
4425.71104956 1.25112514821e-16
4427.87903404 1.29342623356e-16
4430.04701853 1.2761963564e-16
4432.21500301 1.22992937393e-16
4434.3829875 1.48371242729e-16
4436.55097198 1.47487477223e-16
4438.71895647 1.45080974142e-16
4440.88694096 1.4717611598e-16
4443.05492544 1.41423173557e-16
4445.22290993 1.52322113273e-16
4447.39089441 1.49672711444e-16
4449.5588789 1.48735855304e-16
4451.72686338 1.62123555678e-16
4453.89484787 1.58879021538e-16
4456.06283236 1.50621531664e-16
4458.23081684 1.4551669085e-16
4460.39880133 1.47259998331e-16
4462.56678581 1.53411338881e-16
4464.7347703 1.4875082752e-16
4466.90275478 1.55175756929e-16
4469.07073927 1.56565862901e-16
4471.23872375 1.50646250161e-16
4473.40670824 1.50040722114e-16
4475.57469273 1.49459455901e-16
4477.74267721 1.48807644232e-16
4479.9106617 1.49824887901e-16
4482.07864618 1.49666455462e-16
4484.24663067 1.34587470181e-16
4486.41461515 1.41456478846e-16
4488.58259964 1.37120465621e-16
4490.75058413 1.45037197386e-16
4492.91856861 1.54520018542e-16
4495.0865531 1.51173444857e-16
4497.25453758 1.45702270235e-16
4499.42252207 1.42227113327e-16
4501.59050655 1.50290760807e-16
4503.75849104 1.62789647454e-16
4505.92647552 1.52862351968e-16
4508.09446001 1.56462372762e-16
4510.2624445 1.55785044034e-16
4512.43042898 1.61397291876e-16
4514.59841347 1.57558122579e-16
4516.76639795 1.46194233896e-16
4518.93438244 1.44361489761e-16
4521.10236692 1.4435957639e-16
4523.27035141 1.45487227702e-16
4525.4383359 1.51256281229e-16
4527.60632038 1.55352679849e-16
4529.77430487 1.55252230199e-16
4531.94228935 1.49590372339e-16
4534.11027384 1.49715234321e-16
4536.27825832 1.52032828513e-16
4538.44624281 1.55580860116e-16
4540.61422729 1.48311656294e-16
4542.78221178 1.49683695379e-16
4544.95019627 1.48658525927e-16
4547.11818075 1.42820346188e-16
4549.28616524 1.44303893568e-16
4551.45414972 1.58396288077e-16
4553.62213421 1.49646595212e-16
4555.79011869 1.42502406312e-16
4557.95810318 1.44344084897e-16
4560.12608767 1.4819987084e-16
4562.29407215 1.51264300565e-16
4564.46205664 1.47300113444e-16
4566.63004112 1.33886183519e-16
4568.79802561 1.3749762446e-16
4570.96601009 1.34291555957e-16
4573.13399458 1.23972778093e-16
4575.30197906 1.32645852701e-16
4577.46996355 1.34717819709e-16
4579.63794804 1.35849628537e-16
4581.80593252 1.43830186529e-16
4583.97391701 1.42269628378e-16
4586.14190149 1.47905458667e-16
4588.30988598 1.44119188929e-16
4590.47787046 1.41278102178e-16
4592.64585495 1.41231929638e-16
4594.81383944 1.367997812e-16
4596.98182392 1.39320181216e-16
4599.14980841 1.45026957404e-16
4601.31779289 1.3856130486e-16
4603.48577738 1.3317281651e-16
4605.65376186 1.34716050519e-16
4607.82174635 1.42059367075e-16
4609.98973083 1.47945941659e-16
4612.15771532 1.38595825295e-16
4614.32569981 1.50804618531e-16
4616.49368429 1.45481960091e-16
4618.66166878 1.36979426975e-16
4620.82965326 1.34978370172e-16
4622.99763775 1.33812196543e-16
4625.16562223 1.42100389743e-16
4627.33360672 1.32499535686e-16
4629.50159121 1.4334934316e-16
4631.66957569 1.51229191016e-16
4633.83756018 1.37595794059e-16
4636.00554466 1.36259184669e-16
4638.17352915 1.36294127173e-16
4640.34151363 1.38658776341e-16
4642.50949812 1.30462244504e-16
4644.6774826 1.32936380881e-16
4646.84546709 1.40483160113e-16
4649.01345158 1.44510704935e-16
4651.18143606 1.36273851237e-16
4653.34942055 1.33065112282e-16
4655.51740503 1.3224855084e-16
4657.68538952 1.34779056044e-16
4659.853374 1.41467460985e-16
4662.02135849 1.37322500228e-16
4664.18934298 1.29375889828e-16
4666.35732746 1.29918335889e-16
4668.52531195 1.34783867804e-16
4670.69329643 1.40474891242e-16
4672.86128092 1.37973845794e-16
4675.0292654 1.40676475202e-16
4677.19724989 1.39447551937e-16
4679.36523438 1.32367260769e-16
4681.53321886 1.35319859082e-16
4683.70120335 1.19982839116e-16
4685.86918783 1.26735868774e-16
4688.03717232 1.36296646448e-16
4690.2051568 1.40860457414e-16
4692.37314129 1.39518580094e-16
4694.54112577 1.31244582164e-16
4696.70911026 1.40252051645e-16
4698.87709475 1.38367267898e-16
4701.04507923 1.37555670448e-16
4703.21306372 1.4047395646e-16
4705.3810482 1.44439349666e-16
4707.54903269 1.33598991709e-16
4709.71701717 1.43588904991e-16
4711.88500166 1.39530964177e-16
4714.05298615 1.3504381946e-16
4716.22097063 1.31295471645e-16
4718.38895512 1.33743504075e-16
4720.5569396 1.34681782499e-16
4722.72492409 1.35985095059e-16
4724.89290857 1.4096887584e-16
4727.06089306 1.38760011196e-16
4729.22887754 1.42213307445e-16
4731.39686203 1.40360083167e-16
4733.56484652 1.43489718622e-16
4735.732831 1.31775881439e-16
4737.90081549 1.29952634509e-16
4740.06879997 1.42929248534e-16
4742.23678446 1.35599466036e-16
4744.40476894 1.28898731686e-16
4746.57275343 1.4576595195e-16
4748.74073792 1.3752220786e-16
4750.9087224 1.36615939307e-16
4753.07670689 1.407567205e-16
4755.24469137 1.26234722223e-16
4757.41267586 1.29534995747e-16
4759.58066034 1.3644810079e-16
4761.74864483 1.31293994862e-16
4763.91662931 1.26231772757e-16
4766.0846138 1.28904121237e-16
4768.25259829 1.35341280626e-16
4770.42058277 1.31468987749e-16
4772.58856726 1.44970650763e-16
4774.75655174 1.45275944944e-16
4776.92453623 1.35523280783e-16
4779.09252071 1.34979564314e-16
4781.2605052 1.47928344967e-16
4783.42848969 1.45746853918e-16
4785.59647417 1.39437960925e-16
4787.76445866 1.36160352212e-16
4789.93244314 1.37673419055e-16
4792.10042763 1.34253961901e-16
4794.26841211 1.32136041155e-16
4796.4363966 1.26445308746e-16
4798.60438108 1.26774853942e-16
4800.77236557 1.33487391162e-16
4802.94035006 1.3432475216e-16
4805.10833454 1.29293959895e-16
4807.27631903 1.18876740188e-16
4809.44430351 1.37594506137e-16
4811.612288 1.33496524969e-16
4813.78027248 1.29233485202e-16
4815.94825697 1.46214724292e-16
4818.11624146 1.4481866694e-16
4820.28422594 1.39253876577e-16
4822.45221043 1.334229884e-16
4824.62019491 1.29982321254e-16
4826.7881794 1.33737086739e-16
4828.95616388 1.30786668698e-16
4831.12414837 1.36474203488e-16
4833.29213285 1.32880002618e-16
4835.46011734 1.31589761711e-16
4837.62810183 1.31278784798e-16
4839.79608631 1.26555318514e-16
4841.9640708 1.29333937972e-16
4844.13205528 1.26405681877e-16
4846.30003977 1.29030724464e-16
4848.46802425 1.31036056417e-16
4850.63600874 1.33586378404e-16
4852.80399323 1.45610702158e-16
4854.97197771 1.38571525311e-16
4857.1399622 1.37038293822e-16
4859.30794668 1.35570082179e-16
4861.47593117 1.35234353769e-16
4863.64391565 1.30909959121e-16
4865.81190014 1.4054586285e-16
4867.97988462 1.38372061939e-16
4870.14786911 1.47308855956e-16
4872.3158536 1.48843828309e-16
4874.48383808 1.4113001983e-16
4876.65182257 1.35010933098e-16
4878.81980705 1.35063420161e-16
4880.98779154 1.42529820486e-16
4883.15577602 1.3287160181e-16
4885.32376051 1.30399322536e-16
4887.491745 1.31395309593e-16
4889.65972948 1.34078828072e-16
4891.82771397 1.32913698355e-16
4893.99569845 1.34409201248e-16
4896.16368294 1.28708926817e-16
4898.33166742 1.42663347268e-16
4900.49965191 1.41740418423e-16
4902.66763639 1.39357546838e-16
4904.83562088 1.32491664725e-16
4907.00360537 1.30519451897e-16
4909.17158985 1.36550305879e-16
4911.33957434 1.40177151967e-16
4913.50755882 1.39225599387e-16
4915.67554331 1.35162268262e-16
4917.84352779 1.28901751238e-16
4920.01151228 1.30533327859e-16
4922.17949677 1.41432292612e-16
4924.34748125 1.38458192458e-16
4926.51546574 1.40325762153e-16
4928.68345022 1.32293645638e-16
4930.85143471 1.28407563138e-16
4933.01941919 1.31946362314e-16
4935.18740368 1.2939980996e-16
4937.35538816 1.32050026509e-16
4939.52337265 1.38656135608e-16
4941.69135714 1.36296332248e-16
4943.85934162 1.41949792565e-16
4946.02732611 1.39760311208e-16
4948.19531059 1.38926348826e-16
4950.36329508 1.36786848341e-16
4952.53127956 1.28402359557e-16
4954.69926405 1.44120509341e-16
4956.86724854 1.44905842607e-16
4959.03523302 1.29897030981e-16
4961.20321751 1.3655089728e-16
4963.37120199 1.37888755617e-16
4965.53918648 1.42728345696e-16
4967.70717096 1.4496643126e-16
4969.87515545 1.41529239307e-16
4972.04313993 1.37335218604e-16
4974.21112442 1.33098070401e-16
4976.37910891 1.40761599313e-16
4978.54709339 1.29077548352e-16
4980.71507788 1.39471616992e-16
4982.88306236 1.42148048941e-16
4985.05104685 1.37061485159e-16
4987.21903133 1.31166270418e-16
4989.38701582 1.29112739352e-16
4991.55500031 1.35177684273e-16
4993.72298479 1.41776407296e-16
4995.89096928 1.43577067913e-16
4998.05895376 1.4386543743e-16
5000.22693825 1.40827963175e-16
5002.39492273 1.35415648033e-16
5004.56290722 1.26425028294e-16
5006.7308917 1.25655916043e-16
5008.89887619 1.38207121978e-16
5011.06686068 1.32293487934e-16
5013.23484516 1.32289491662e-16
5015.40282965 1.30264175405e-16
5017.57081413 1.40693521447e-16
5019.73879862 1.3846556764e-16
5021.9067831 1.3348797091e-16
5024.07476759 1.40808965553e-16
5026.24275208 1.38911828194e-16
5028.41073656 1.33199580875e-16
5030.57872105 1.42313158322e-16
5032.74670553 1.38639247622e-16
5034.91469002 1.33555881291e-16
5037.0826745 1.33551941759e-16
5039.25065899 1.32468953436e-16
5041.41864347 1.35839454949e-16
5043.58662796 1.4118441711e-16
5045.75461245 1.42322633945e-16
5047.92259693 1.3469143604e-16
5050.09058142 1.26690596736e-16
5052.2585659 1.2467764072e-16
5054.42655039 1.29278415063e-16
5056.59453487 1.3163578771e-16
5058.76251936 1.44664281323e-16
5060.93050385 1.37416851236e-16
5063.09848833 1.44616942129e-16
5065.26647282 1.41802820952e-16
5067.4344573 1.29125481687e-16
5069.60244179 1.25206543552e-16
5071.77042627 1.21924762865e-16
5073.93841076 1.18370116543e-16
5076.10639524 1.30667152519e-16
5078.27437973 1.27254057632e-16
5080.44236422 1.19825610431e-16
5082.6103487 1.36499835763e-16
5084.77833319 1.33729832328e-16
5086.94631767 1.32768023666e-16
5089.11430216 1.28314817864e-16
5091.28228664 1.20987891349e-16
5093.45027113 1.17333211767e-16
5095.61825562 1.28173969039e-16
5097.7862401 1.30663504526e-16
5099.95422459 1.31258701285e-16
5102.12220907 1.28647378315e-16
5104.29019356 1.34329600593e-16
5106.45817804 1.35361977882e-16
5108.62616253 1.29912962487e-16
5110.79414701 1.2657049049e-16
5112.9621315 1.2684768193e-16
5115.13011599 1.21599705737e-16
5117.29810047 1.29747658567e-16
5119.46608496 1.39605246479e-16
5121.63406944 1.33780597351e-16
5123.80205393 1.33007642164e-16
5125.97003841 1.34828954918e-16
5128.1380229 1.3171087953e-16
5130.30600739 1.24985438042e-16
5132.47399187 1.33192193635e-16
5134.64197636 1.28250218315e-16
5136.80996084 1.26880008696e-16
5138.97794533 1.29934825153e-16
5141.14592981 1.31159762578e-16
5143.3139143 1.30416843673e-16
5145.48189878 1.27848193291e-16
5147.64988327 1.26459651436e-16
5149.81786776 1.20831357661e-16
5151.98585224 1.29164910707e-16
5154.15383673 1.33773134419e-16
5156.32182121 1.22147739987e-16
5158.4898057 1.25574855072e-16
5160.65779018 1.28142414661e-16
5162.82577467 1.29116197467e-16
5164.99375916 1.23775920933e-16
5167.16174364 1.25708843465e-16
5169.32972813 1.32286813537e-16
5171.49771261 1.27066160196e-16
5173.6656971 1.32775303637e-16
5175.83368158 1.3902112239e-16
5178.00166607 1.30154218699e-16
5180.16965055 1.13460211167e-16
5182.33763504 1.23562357115e-16
5184.50561953 1.26360229109e-16
5186.67360401 1.25109052249e-16
5188.8415885 1.32398893794e-16
5191.00957298 1.3027552591e-16
5193.17755747 1.29977376352e-16
5195.34554195 1.23448308933e-16
5197.51352644 1.2604533152e-16
5199.68151093 1.25150868322e-16
5201.84949541 1.25736127127e-16
5204.0174799 1.2902054133e-16
5206.18546438 1.30283374953e-16
5208.35344887 1.244962368e-16
5210.52143335 1.20764491834e-16
5212.68941784 1.24412905483e-16
5214.85740232 1.30077413127e-16
5217.02538681 1.3762450469e-16
5219.1933713 1.33644540872e-16
5221.36135578 1.24741150508e-16
5223.52934027 1.29465315831e-16
5225.69732475 1.34091754349e-16
5227.86530924 1.25389270419e-16
5230.03329372 1.21468656811e-16
5232.20127821 1.28406402924e-16
5234.3692627 1.32021154915e-16
5236.53724718 1.27822192399e-16
5238.70523167 1.19712575004e-16
5240.87321615 1.21447042389e-16
5243.04120064 1.15851090946e-16
5245.20918512 1.27921841026e-16
5247.37716961 1.32285786532e-16
5249.54515409 1.15268835428e-16
5251.71313858 1.23529902295e-16
5253.88112307 1.27424433246e-16
5256.04910755 1.28900987849e-16
5258.21709204 1.23460240376e-16
5260.38507652 1.26387906339e-16
5262.55306101 1.30543987443e-16
5264.72104549 1.24239875956e-16
5266.88902998 1.24115849806e-16
5269.05701447 1.29629360061e-16
5271.22499895 1.38819579091e-16
5273.39298344 1.31872872016e-16
5275.56096792 1.26798638173e-16
5277.72895241 1.19746886474e-16
5279.89693689 1.24157103524e-16
5282.06492138 1.25249567837e-16
5284.23290586 1.3902782168e-16
5286.40089035 1.25903189879e-16
5288.56887484 1.2758513158e-16
5290.73685932 1.31099182858e-16
5292.90484381 1.29803185918e-16
5295.07282829 1.29116073317e-16
5297.24081278 1.3813750787e-16
5299.40879726 1.44180619053e-16
5301.57678175 1.37568041102e-16
5303.74476624 1.32846879271e-16
5305.91275072 1.27815091217e-16
5308.08073521 1.27510202269e-16
5310.24871969 1.37039820836e-16
5312.41670418 1.35471288931e-16
5314.58468866 1.31111055561e-16
5316.75267315 1.37366701309e-16
5318.92065763 1.40159612914e-16
5321.08864212 1.37331427115e-16
5323.25662661 1.33290616171e-16
5325.42461109 1.42859572134e-16
5327.59259558 1.4316887001e-16
5329.76058006 1.46626496093e-16
5331.92856455 1.37081630109e-16
5334.09654903 1.36915047773e-16
5336.26453352 1.41653073488e-16
5338.43251801 1.43864494849e-16
5340.60050249 1.33916152733e-16
5342.76848698 1.35395123787e-16
5344.93647146 1.39557155513e-16
5347.10445595 1.42393870747e-16
5349.27244043 1.45469765204e-16
5351.44042492 1.49665512687e-16
5353.6084094 1.49633619496e-16
5355.77639389 1.35794631967e-16
5357.94437838 1.36846181961e-16
5360.11236286 1.41642927179e-16
5362.28034735 1.48765399412e-16
5364.44833183 1.44685992415e-16
5366.61631632 1.38631481554e-16
5368.7843008 1.4212275657e-16
5370.95228529 1.4675242614e-16
5373.12026978 1.39729749782e-16
5375.28825426 1.40113270963e-16
5377.45623875 1.38067066627e-16
5379.62422323 1.44300580608e-16
5381.79220772 1.3528074353e-16
5383.9601922 1.41694641054e-16
5386.12817669 1.45653879317e-16
5388.29616117 1.46455795967e-16
5390.46414566 1.38883226754e-16
5392.63213015 1.38305082717e-16
5394.80011463 1.36880530869e-16
5396.96809912 1.46042176479e-16
5399.1360836 1.42907054247e-16
5401.30406809 1.43797474512e-16
5403.47205257 1.44884646328e-16
5405.64003706 1.45328450212e-16
5407.80802155 1.36282970059e-16
5409.97600603 1.30756861709e-16
5412.14399052 1.3428784168e-16
5414.311975 1.33561856657e-16
5416.47995949 1.41478815681e-16
5418.64794397 1.34127571449e-16
5420.81592846 1.24867962177e-16
5422.98391294 1.28820051683e-16
5425.15189743 1.26068598045e-16
5427.31988192 1.32615706406e-16
5429.4878664 1.28351903026e-16
5431.65585089 1.23537647986e-16
5433.82383537 1.27851713435e-16
5435.99181986 1.37970965383e-16
5438.15980434 1.30769672679e-16
5440.32778883 1.3358553625e-16
5442.49577332 1.34776486366e-16
5444.6637578 1.44593351864e-16
5446.83174229 1.3888228093e-16
5448.99972677 1.35328065963e-16
5451.16771126 1.37193790027e-16
5453.33569574 1.40624947483e-16
5455.50368023 1.33627133565e-16
5457.67166471 1.32469039134e-16
5459.8396492 1.31694733963e-16
5462.00763369 1.38073203582e-16
5464.17561817 1.39089701072e-16
5466.34360266 1.32017965405e-16
5468.51158714 1.31455612701e-16
5470.67957163 1.29365512684e-16
5472.84755611 1.36079906925e-16
5475.0155406 1.40484655169e-16
5477.18352509 1.36130918773e-16
5479.35150957 1.3166290496e-16
5481.51949406 1.2895173636e-16
5483.68747854 1.30716733174e-16
5485.85546303 1.42178590694e-16
5488.02344751 1.35330332637e-16
5490.191432 1.24644367836e-16
5492.35941648 1.27339486e-16
5494.52740097 1.26077830244e-16
5496.69538546 1.27649492226e-16
5498.86336994 1.29025198377e-16
5501.03135443 1.29669264505e-16
5503.19933891 1.42577523742e-16
5505.3673234 1.40113673161e-16
5507.53530788 1.33759166399e-16
5509.70329237 1.30171102266e-16
5511.87127686 1.30056758631e-16
5514.03926134 1.31604852209e-16
5516.20724583 1.40148175264e-16
5518.37523031 1.42724100046e-16
5520.5432148 1.29989677471e-16
5522.71119928 1.37640929482e-16
5524.87918377 1.35385461886e-16
5527.04716825 1.27116904032e-16
5529.21515274 1.29051835408e-16
5531.38313723 1.43896749113e-16
5533.55112171 1.35086769469e-16
5535.7191062 1.32813995216e-16
5537.88709068 1.39403387086e-16
5540.05507517 1.35567651952e-16
5542.22305965 1.4151423085e-16
5544.39104414 1.40322371904e-16
5546.55902863 1.41264616267e-16
5548.72701311 1.44052326566e-16
5550.8949976 1.43122771475e-16
5553.06298208 1.36591497045e-16
5555.23096657 1.31182373513e-16
5557.39895105 1.46487668739e-16
5559.56693554 1.46264492345e-16
5561.73492002 1.37504611101e-16
5563.90290451 1.34055169481e-16
5566.070889 1.36508881021e-16
5568.23887348 1.28717133864e-16
5570.40685797 1.32694872512e-16
5572.57484245 1.35445759253e-16
5574.74282694 1.32030725832e-16
5576.91081142 1.60193981732e-16
5579.07879591 1.43045839376e-16
5581.2467804 1.27903209402e-16
5583.41476488 1.30516265198e-16
5585.58274937 1.3820006431e-16
5587.75073385 1.41188429107e-16
5589.91871834 1.28243543595e-16
5592.08670282 1.23534575258e-16
5594.25468731 1.3147256492e-16
5596.42267179 1.26939518984e-16
5598.59065628 1.30553386568e-16
5600.75864077 1.29192565713e-16
5602.92662525 1.40004718809e-16
5605.09460974 1.38929176854e-16
5607.26259422 1.27846738388e-16
5609.43057871 1.31968444109e-16
5611.59856319 1.30864594343e-16
5613.76654768 1.3714295779e-16
5615.93453217 1.36533354718e-16
5618.10251665 1.25396237683e-16
5620.27050114 1.28215366639e-16
5622.43848562 1.34257547886e-16
5624.60647011 1.28898963794e-16
5626.77445459 1.34587657919e-16
5628.94243908 1.36750779138e-16
5631.11042356 1.33358281959e-16
5633.27840805 1.32110129426e-16
5635.44639254 1.34768151556e-16
5637.61437702 1.26903888397e-16
5639.78236151 1.30139193052e-16
5641.95034599 1.27870897863e-16
5644.11833048 1.25971988933e-16
5646.28631496 1.2884146936e-16
5648.45429945 1.23290529352e-16
5650.62228394 1.34951514699e-16
5652.79026842 1.36176143424e-16
5654.95825291 1.31257118147e-16
5657.12623739 1.31909193068e-16
5659.29422188 1.37596426074e-16
5661.46220636 1.32056715399e-16
5663.63019085 1.31545963279e-16
5665.79817533 1.32011200238e-16
5667.96615982 1.290176083e-16
5670.13414431 1.32882776058e-16
5672.30212879 1.3145835498e-16
5674.47011328 1.27599585527e-16
5676.63809776 1.25411449793e-16
5678.80608225 1.29890192445e-16
5680.97406673 1.26344120038e-16
5683.14205122 1.20818057031e-16
5685.31003571 1.34174380261e-16
5687.47802019 1.20274947881e-16
5689.64600468 1.14905592193e-16
5691.81398916 1.25068297166e-16
5693.98197365 1.26219191309e-16
5696.14995813 1.24332438175e-16
5698.31794262 1.24409359345e-16
5700.4859271 1.19068708471e-16
5702.65391159 1.13022408558e-16
5704.82189608 1.19592160669e-16
5706.98988056 1.20828995174e-16
5709.15786505 1.26253508204e-16
5711.32584953 1.29845164397e-16
5713.49383402 1.20583720853e-16
5715.6618185 1.19943050379e-16
5717.82980299 1.23051120055e-16
5719.99778748 1.20651809421e-16
5722.16577196 1.19193594334e-16
5724.33375645 1.28233974984e-16
5726.50174093 1.2180923068e-16
5728.66972542 1.21940131834e-16
5730.8377099 1.2359373944e-16
5733.00569439 1.20599266529e-16
5735.17367887 1.21847831501e-16
5737.34166336 1.16488314183e-16
5739.50964785 1.2308793593e-16
5741.67763233 1.1472134159e-16
5743.84561682 1.24437473586e-16
5746.0136013 1.23660326932e-16
5748.18158579 1.12038000883e-16
5750.34957027 1.15647383157e-16
5752.51755476 1.18125981137e-16
5754.68553925 1.21236894924e-16
5756.85352373 1.16540441793e-16
5759.02150822 1.20350847468e-16
5761.1894927 1.14985307658e-16
5763.35747719 1.1145994924e-16
5765.52546167 1.08043773907e-16
5767.69344616 1.07563629902e-16
5769.86143064 1.1127039779e-16
5772.02941513 1.12736150365e-16
5774.19739962 1.14646462613e-16
5776.3653841 1.08624791001e-16
5778.53336859 1.17779682532e-16
5780.70135307 1.13497635211e-16
5782.86933756 1.07723667755e-16
5785.03732204 1.13842281243e-16
5787.20530653 1.12012877955e-16
5789.37329102 1.17883128329e-16
5791.5412755 1.12674606932e-16
5793.70925999 1.07978456576e-16
5795.87724447 1.07637689238e-16
5798.04522896 1.13006219186e-16
5800.21321344 1.1684452898e-16
5802.38119793 1.1281046395e-16
5804.54918242 1.0914229731e-16
5806.7171669 1.0823186324e-16
5808.88515139 1.08603204824e-16
5811.05313587 1.1680065888e-16
5813.22112036 1.15674551872e-16
5815.38910484 1.14948422073e-16
5817.55708933 1.14373021248e-16
5819.72507381 1.14166276098e-16
5821.8930583 1.16301821945e-16
5824.06104279 1.19028582115e-16
5826.22902727 1.15527168472e-16
5828.39701176 1.08910287617e-16
5830.56499624 1.10781689215e-16
5832.73298073 1.09650226999e-16
5834.90096521 1.1317226629e-16
5837.0689497 1.09663376614e-16
5839.23693419 1.16479257414e-16
5841.40491867 1.17202053645e-16
5843.57290316 1.2141278199e-16
5845.74088764 1.15565058448e-16
5847.90887213 1.22743728411e-16
5850.07685661 1.21981803623e-16
5852.2448411 1.19729287957e-16
5854.41282558 1.21169058995e-16
5856.58081007 1.1814443283e-16
5858.74879456 1.20500731735e-16
5860.91677904 1.14201710382e-16
5863.08476353 1.22138026863e-16
5865.25274801 1.19483753361e-16
5867.4207325 1.18247667885e-16
5869.58871698 1.18744246687e-16
5871.75670147 1.14725921387e-16
5873.92468596 1.00338319247e-16
5876.09267044 1.12561139905e-16
5878.26065493 1.10813937635e-16
5880.42863941 1.08988775264e-16
5882.5966239 1.05551622599e-16
5884.76460838 1.04677355424e-16
5886.93259287 1.05034404748e-16
5889.10057735 1.08900694934e-16
5891.26856184 1.21726551979e-16
5893.43654633 1.15906734465e-16
5895.60453081 1.09103769226e-16
5897.7725153 1.24075374121e-16
5899.94049978 1.24416967535e-16
5902.10848427 1.25671685809e-16
5904.27646875 1.18347416595e-16
5906.44445324 1.13587825936e-16
5908.61243773 1.17897735093e-16
5910.78042221 1.17299615974e-16
5912.9484067 1.0459541408e-16
5915.11639118 1.07052867298e-16
5917.28437567 1.16483785833e-16
5919.45236015 1.10235453582e-16
5921.62034464 1.11256787214e-16
5923.78832912 1.09922886274e-16
5925.95631361 1.15355524864e-16
5928.1242981 1.12871730269e-16
5930.29228258 1.13034006332e-16
5932.46026707 1.18600780343e-16
5934.62825155 1.06690046174e-16
5936.79623604 1.11211133184e-16
5938.96422052 1.12124078076e-16
5941.13220501 1.1139202944e-16
5943.3001895 1.05843173238e-16
5945.46817398 1.12451532413e-16
5947.63615847 1.11263029345e-16
5949.80414295 1.09114638289e-16
5951.97212744 1.16099106584e-16
5954.14011192 1.15133263038e-16
5956.30809641 1.08297050467e-16
5958.47608089 1.02113665097e-16
5960.64406538 1.14130752135e-16
5962.81204987 1.13631088361e-16
5964.98003435 1.08965305949e-16
5967.14801884 1.05212047698e-16
5969.31600332 1.12556370437e-16
5971.48398781 1.06412218669e-16
5973.65197229 1.17235192549e-16
5975.81995678 1.12261454177e-16
5977.98794127 1.03813406294e-16
5980.15592575 1.06488800079e-16
5982.32391024 1.16054269319e-16
5984.49189472 1.06635301366e-16
5986.65987921 1.03764085474e-16
5988.82786369 1.08291681773e-16
5990.99584818 1.1199790267e-16
5993.16383266 1.1280139273e-16
5995.33181715 1.13673570695e-16
5997.49980164 1.14947792411e-16
5999.66778612 1.12839806729e-16
6001.83577061 1.14492512438e-16
6004.00375509 1.2109940813e-16
6006.17173958 1.17132224033e-16
6008.33972406 1.11760748249e-16
6010.50770855 1.06785518368e-16
6012.67569304 1.12036814775e-16
6014.84367752 1.08928336879e-16
6017.01166201 1.01615834424e-16
6019.17964649 1.12272717858e-16
6021.34763098 1.0856259543e-16
6023.51561546 1.05785504082e-16
6025.68359995 1.07734311515e-16
6027.85158443 1.03201772629e-16
6030.01956892 1.0271910919e-16
6032.18755341 1.04872655711e-16
6034.35553789 1.05065431853e-16
6036.52352238 1.06359430176e-16
6038.69150686 1.12042681257e-16
6040.85949135 1.10003077245e-16
6043.02747583 1.09158261288e-16
6045.19546032 1.10050215164e-16
6047.36344481 1.01403347822e-16
6049.53142929 9.91781719481e-17
6051.69941378 1.0009500247e-16
6053.86739826 9.92904537447e-17
6056.03538275 1.0824759226e-16
6058.20336723 1.13247714121e-16
6060.37135172 1.03103373919e-16
6062.5393362 1.00839040058e-16
6064.70732069 1.01469510863e-16
6066.87530518 1.09481598737e-16
6069.04328966 1.06197221432e-16
6071.21127415 1.02500228133e-16
6073.37925863 1.01217478507e-16
6075.54724312 9.22404861084e-17
6077.7152276 1.01565546086e-16
6079.88321209 1.11938742063e-16
6082.05119658 1.14314985271e-16
6084.21918106 1.08548123375e-16
6086.38716555 1.00973878318e-16
6088.55515003 1.01940846523e-16
6090.72313452 1.07260477712e-16
6092.891119 1.09486502576e-16
6095.05910349 1.12015383332e-16
6097.22708797 1.08828629923e-16
6099.39507246 1.06863583747e-16
6101.56305695 1.06748322547e-16
6103.73104143 1.05736892257e-16
6105.89902592 9.25308773925e-17
6108.0670104 9.45421475884e-17
6110.23499489 9.87555917015e-17
6112.40297937 9.86401177941e-17
6114.57096386 1.1122259627e-16
6116.73894835 1.07874758992e-16
6118.90693283 1.00318990715e-16
6121.07491732 1.0086885286e-16
6123.2429018 1.04566069913e-16
6125.41088629 1.02990736015e-16
6127.57887077 1.02228238005e-16
6129.74685526 1.03569615963e-16
6131.91483974 1.03736489924e-16
6134.08282423 1.02935643141e-16
6136.25080872 1.00659021335e-16
6138.4187932 9.6626518518e-17
6140.58677769 9.85686629239e-17
6142.75476217 9.99798730646e-17
6144.92274666 9.75351200849e-17
6147.09073114 1.00092133694e-16
6149.25871563 1.08551168809e-16
6151.42670012 1.08573690099e-16
6153.5946846 1.03191772124e-16
6155.76266909 9.84522055407e-17
6157.93065357 1.01380490952e-16
6160.09863806 1.05716131806e-16
6162.26662254 1.07464182719e-16
6164.43460703 1.04485472505e-16
6166.60259151 9.75895525501e-17
6168.770576 9.57810969032e-17
6170.93856049 9.37780263349e-17
6173.10654497 9.50726507455e-17
6175.27452946 9.8715631857e-17
6177.44251394 9.79802888492e-17
6179.61049843 9.62276133019e-17
6181.77848291 9.57814268128e-17
6183.9464674 9.99893819908e-17
6186.11445189 1.00967753151e-16
6188.28243637 1.07191104118e-16
6190.45042086 1.03062687423e-16
6192.61840534 1.05133006069e-16
6194.78638983 9.19144218137e-17
6196.95437431 9.322951928e-17
6199.1223588 1.00215574137e-16
6201.29034328 1.01674228334e-16
6203.45832777 1.06189811406e-16
6205.62631226 9.92210493859e-17
6207.79429674 8.93912154445e-17
6209.96228123 9.48826265918e-17
6212.13026571 1.01609281836e-16
6214.2982502 9.94460584652e-17
6216.46623468 1.04364253769e-16
6218.63421917 9.92812812853e-17
6220.80220366 9.68927847664e-17
6222.97018814 1.0316705553e-16
6225.13817263 1.04858270469e-16
6227.30615711 9.90089872335e-17
6229.4741416 1.00347750798e-16
6231.64212608 9.42592634251e-17
6233.81011057 9.57028968335e-17
6235.97809505 1.00175404273e-16
6238.14607954 1.0046077388e-16
6240.31406403 1.00898552025e-16
6242.48204851 1.00190044971e-16
6244.650033 9.76018066214e-17
6246.81801748 9.94818161042e-17
6248.98600197 9.92554107239e-17
6251.15398645 9.31922706616e-17
6253.32197094 1.04408183064e-16
6255.48995543 9.24274824945e-17
6257.65793991 9.7267200009e-17
6259.8259244 1.04726141716e-16
6261.99390888 1.07508869022e-16
6264.16189337 9.79553728701e-17
6266.32987785 9.29490719221e-17
6268.49786234 8.99497520501e-17
6270.66584682 9.55692766338e-17
6272.83383131 8.81638483914e-17
6275.0018158 9.90824783358e-17
6277.16980028 1.04388433994e-16
6279.33778477 1.02096159602e-16
6281.50576925 9.68464445402e-17
6283.67375374 1.04357576317e-16
6285.84173822 9.4663672522e-17
6288.00972271 9.58191164986e-17
6290.1777072 1.0050012663e-16
6292.34569168 9.20256337503e-17
6294.51367617 8.12921380869e-17
6296.68166065 9.80920605465e-17
6298.84964514 1.02719599186e-16
6301.01762962 1.04695208161e-16
6303.18561411 9.26699739896e-17
6305.35359859 9.40513579354e-17
6307.52158308 1.00138003977e-16
6309.68956757 9.35598985993e-17
6311.85755205 9.67889205584e-17
6314.02553654 9.22959932385e-17
6316.19352102 9.58298918581e-17
6318.36150551 9.46527030759e-17
6320.52948999 1.00031749479e-16
6322.69747448 9.33367267256e-17
6324.86545897 9.53067558403e-17
6327.03344345 9.73078526432e-17
6329.20142794 9.53992193803e-17
6331.36941242 9.9935382033e-17
6333.53739691 9.62143563097e-17
6335.70538139 9.20671468252e-17
6337.87336588 9.48203592388e-17
6340.04135036 9.58491981058e-17
6342.20933485 9.48429076352e-17
6344.37731934 9.72198010197e-17
6346.54530382 9.21039010236e-17
6348.71328831 9.10429873963e-17
6350.88127279 9.13878266229e-17
6353.04925728 9.47536764115e-17
6355.21724176 9.69121531131e-17
6357.38522625 9.37878995758e-17
6359.55321074 1.00863862549e-16
6361.72119522 1.01278871137e-16
6363.88917971 9.50776314438e-17
6366.05716419 9.82571406561e-17
6368.22514868 1.02261649923e-16
6370.39313316 9.59001907182e-17
6372.56111765 9.23603471221e-17
6374.72910213 9.69399149373e-17
6376.89708662 9.50949242524e-17
6379.06507111 9.21405068463e-17
6381.23305559 1.02820176715e-16
6383.40104008 1.03853686183e-16
6385.56902456 9.63930641619e-17
6387.73700905 9.74806089507e-17
6389.90499353 9.92340526592e-17
6392.07297802 9.60503198034e-17
6394.24096251 9.62640198938e-17
6396.40894699 9.64037376217e-17
6398.57693148 9.65013505921e-17
6400.74491596 1.04735895177e-16
6402.91290045 1.06728391248e-16
6405.08088493 9.9579703636e-17
6407.24886942 9.82191865526e-17
6409.4168539 9.92574067842e-17
6411.58483839 9.68757283445e-17
6413.75282288 9.44699330644e-17
6415.92080736 9.81978576349e-17
6418.08879185 1.00139421215e-16
6420.25677633 9.46866636896e-17
6422.42476082 9.14761658392e-17
6424.5927453 9.06963031349e-17
6426.76072979 9.06517031545e-17
6428.92871428 9.26843160491e-17
6431.09669876 9.59983251922e-17
6433.26468325 9.98653176686e-17
6435.43266773 9.80568183157e-17
6437.60065222 9.42463012544e-17
6439.7686367 8.2535159057e-17
6441.93662119 9.80116995867e-17
6444.10460567 1.05017869134e-16
6446.27259016 1.00488865451e-16
6448.44057465 9.87787774311e-17
6450.60855913 9.3590203708e-17
6452.77654362 8.82168417197e-17
6454.9445281 8.95862305039e-17
6457.11251259 9.30765875234e-17
6459.28049707 9.1821885102e-17
6461.44848156 1.01977880091e-16
6463.61646605 9.78029398522e-17
6465.78445053 8.80861664549e-17
6467.95243502 8.78967048707e-17
6470.1204195 9.63880463565e-17
6472.28840399 1.02847377148e-16
6474.45638847 9.71269535938e-17
6476.62437296 9.58988347597e-17
6478.79235744 9.33345389316e-17
6480.96034193 9.61417924093e-17
6483.12832642 9.21484173216e-17
6485.2963109 1.0368853778e-16
6487.46429539 1.02221250465e-16
6489.63227987 9.30678376353e-17
6491.80026436 9.17228862741e-17
6493.96824884 9.36267209402e-17
6496.13623333 9.02330912437e-17
6498.30421782 9.50464247671e-17
6500.4722023 9.61574771514e-17
6502.64018679 9.26892062608e-17
6504.80817127 8.87512516645e-17
6506.97615576 1.02715786544e-16
6509.14414024 1.01040674096e-16
6511.31212473 9.89595437169e-17
6513.48010921 9.98023470912e-17
6515.6480937 1.00791453216e-16
6517.81607819 1.00265549235e-16
6519.98406267 9.31725472496e-17
6522.15204716 9.82726797427e-17
6524.32003164 9.64096261768e-17
6526.48801613 1.05059198319e-16
6528.65600061 9.75885996382e-17
6530.8239851 8.6241162234e-17
6532.99196959 9.05930328709e-17
6535.15995407 9.15178380208e-17
6537.32793856 9.48830329579e-17
6539.49592304 9.95796711985e-17
6541.66390753 9.06907441436e-17
6543.83189201 9.01321538563e-17
6545.9998765 9.02331717021e-17
6548.16786098 9.17845324224e-17
6550.33584547 8.89411240895e-17
6552.50382996 9.27844662836e-17
6554.67181444 9.44857899871e-17
6556.83979893 9.93981044735e-17
6559.00778341 1.04511356148e-16
6561.1757679 9.44375023801e-17
6563.34375238 9.68645057591e-17
6565.51173687 9.6052878656e-17
6567.67972136 9.49039647011e-17
6569.84770584 9.49129870208e-17
6572.01569033 8.75866184988e-17
6574.18367481 9.23063024795e-17
6576.3516593 9.66553323568e-17
6578.51964378 8.98312268368e-17
6580.68762827 9.41860158653e-17
6582.85561275 9.84782038296e-17
6585.02359724 8.88807545945e-17
6587.19158173 8.87700406406e-17
6589.35956621 9.75862734354e-17
6591.5275507 1.00698250845e-16
6593.69553518 9.56660039629e-17
6595.86351967 8.91119342934e-17
6598.03150415 8.76657180713e-17
6600.19948864 8.98417574897e-17
6602.36747313 1.03192306102e-16
6604.53545761 1.00335650222e-16
6606.7034421 9.46715901971e-17
6608.87142658 9.45435268731e-17
6611.03941107 9.35903627664e-17
6613.20739555 9.72382970823e-17
6615.37538004 9.71628648108e-17
6617.54336452 9.66778462785e-17
6619.71134901 9.79513961972e-17
6621.8793335 9.44343585161e-17
6624.04731798 9.02030014819e-17
6626.21530247 8.83994617781e-17
6628.38328695 9.64495333991e-17
6630.55127144 1.00257907847e-16
6632.71925592 9.65080863926e-17
6634.88724041 9.62376517559e-17
6637.0552249 9.57698688204e-17
6639.22320938 9.6267303201e-17
6641.39119387 9.63111684409e-17
6643.55917835 9.04577166463e-17
6645.72716284 9.43594034326e-17
6647.89514732 9.57455494717e-17
6650.06313181 9.68335191196e-17
6652.23111629 9.54350757096e-17
6654.39910078 9.17424211711e-17
6656.56708527 1.05113215622e-16
6658.73506975 9.65260570463e-17
6660.90305424 8.67391662604e-17
6663.07103872 9.56593092946e-17
6665.23902321 9.45545051478e-17
6667.40700769 8.78239272183e-17
6669.57499218 9.22520929098e-17
6671.74297667 9.13681524807e-17
6673.91096115 9.16391509453e-17
6676.07894564 8.99926737114e-17
6678.24693012 9.11062906803e-17
6680.41491461 9.09211094375e-17
6682.58289909 9.49727433068e-17
6684.75088358 1.03424943282e-16
6686.91886806 9.20822062588e-17
6689.08685255 8.61717755862e-17
6691.25483704 1.01621016675e-16
6693.42282152 1.01546122511e-16
6695.59080601 9.14780649823e-17
6697.75879049 9.43190587742e-17
6699.92677498 9.63153677743e-17
6702.09475946 9.92334154607e-17
6704.26274395 9.21011836582e-17
6706.43072844 9.27734629074e-17
6708.59871292 9.14294334589e-17
6710.76669741 9.38253906124e-17
6712.93468189 9.03303693358e-17
6715.10266638 8.57598046664e-17
6717.27065086 9.21641620267e-17
6719.43863535 9.87353502837e-17
6721.60661983 9.25556654621e-17
6723.77460432 8.96115393728e-17
6725.94258881 9.35579541362e-17
6728.11057329 1.02991293623e-16
6730.27855778 9.09450636353e-17
6732.44654226 9.25739097175e-17
6734.61452675 9.64680674526e-17
6736.78251123 9.90004117036e-17
6738.95049572 1.03489518244e-16
6741.11848021 9.97947668148e-17
6743.28646469 9.92157814999e-17
6745.45444918 9.95132308372e-17
6747.62243366 9.64415225955e-17
6749.79041815 9.2510266209e-17
6751.95840263 1.02401543167e-16
6754.12638712 9.8971000094e-17
6756.2943716 9.1547151088e-17
6758.46235609 9.76807725253e-17
6760.63034058 9.75906186431e-17
6762.79832506 1.00390049071e-16
6764.96630955 1.0106604695e-16
6767.13429403 9.72970270885e-17
6769.30227852 1.02100140244e-16
6771.470263 1.05671701424e-16
6773.63824749 9.77043878118e-17
6775.80623198 9.13665987531e-17
6777.97421646 9.06513772878e-17
6780.14220095 9.10586908071e-17
6782.31018543 8.64441163225e-17
6784.47816992 9.01591945375e-17
6786.6461544 9.78969894566e-17
6788.81413889 9.92848573135e-17
6790.98212337 9.454605833e-17
6793.15010786 9.95643762747e-17
6795.31809235 9.64650725135e-17
6797.48607683 8.78790117276e-17
6799.65406132 9.53199568421e-17
6801.8220458 1.02614357557e-16
6803.99003029 9.77911012031e-17
6806.15801477 8.96551414366e-17
6808.32599926 9.85773705724e-17
6810.49398375 9.92840889733e-17
6812.66196823 9.70940361893e-17
6814.82995272 9.68375392205e-17
6816.9979372 9.87264519422e-17
6819.16592169 9.21932506453e-17
6821.33390617 9.22355521668e-17
6823.50189066 8.72794702213e-17
6825.66987514 8.38770457748e-17
6827.83785963 9.62892286504e-17
6830.00584412 9.81634751221e-17
6832.1738286 9.15327903473e-17
6834.34181309 8.60678439796e-17
6836.50979757 9.3889507989e-17
6838.67778206 9.48365100057e-17
6840.84576654 9.83719011468e-17
6843.01375103 9.1431724564e-17
6845.18173552 9.62749291382e-17
6847.34972 1.00448049282e-16
6849.51770449 9.61972365466e-17
6851.68568897 9.07291036024e-17
6853.85367346 8.54231380779e-17
6856.02165794 9.43497178583e-17
6858.18964243 8.89958517848e-17
6860.35762691 9.14020262939e-17
6862.5256114 9.3486246209e-17
6864.69359589 8.66627811026e-17
6866.86158037 8.79030199915e-17
6869.02956486 9.03221481789e-17
6871.19754934 9.00040284001e-17
6873.36553383 9.41188583272e-17
6875.53351831 9.88762444815e-17
6877.7015028 9.01294237321e-17
6879.86948729 8.33329333292e-17
6882.03747177 8.44082178153e-17
6884.20545626 8.92716701805e-17
6886.37344074 9.69561430929e-17
6888.54142523 9.39628870728e-17
6890.70940971 8.60402121398e-17
6892.8773942 9.27942701095e-17
6895.04537868 9.01535634552e-17
6897.21336317 9.23932180638e-17
6899.38134766 9.41202354357e-17
6901.54933214 9.01455535648e-17
6903.71731663 8.93193706403e-17
6905.88530111 8.91276293377e-17
6908.0532856 8.73699933305e-17
6910.22127008 8.75062799888e-17
6912.38925457 1.00945587035e-16
6914.55723906 1.03819129334e-16
6916.72522354 9.3924413165e-17
6918.89320803 8.65489325312e-17
6921.06119251 9.49793376554e-17
6923.229177 1.02830110008e-16
6925.39716148 9.18584564173e-17
6927.56514597 8.55990155611e-17
6929.73313046 9.13934918141e-17
6931.90111494 9.46648377587e-17
6934.06909943 8.69409182434e-17
6936.23708391 8.20810816229e-17
6938.4050684 9.36382542773e-17
6940.57305288 9.46071694849e-17
6942.74103737 9.16090626751e-17
6944.90902185 9.73150036428e-17
6947.07700634 9.28238574362e-17
6949.24499083 8.14197227655e-17
6951.41297531 8.90898231105e-17
6953.5809598 8.70324078393e-17
6955.74894428 8.89228113489e-17
6957.91692877 9.87736352869e-17
6960.08491325 8.63637790993e-17
6962.25289774 8.58783209574e-17
6964.42088223 8.36118374672e-17
6966.58886671 8.95969518729e-17
6968.7568512 9.14276895407e-17
6970.92483568 9.07297665516e-17
6973.09282017 9.27334905667e-17
6975.26080465 1.00981684097e-16
6977.42878914 9.5636832212e-17
6979.59677362 9.10913516296e-17
6981.76475811 9.00630788824e-17
6983.9327426 8.86186860553e-17
6986.10072708 8.95446679876e-17
6988.26871157 9.60489997414e-17
6990.43669605 9.98206834683e-17
6992.60468054 9.20595256602e-17
6994.77266502 9.53376303885e-17
6996.94064951 9.91360149943e-17
6999.108634 8.86801414451e-17
7001.27661848 8.2420895952e-17
7003.44460297 9.35206336775e-17
7005.61258745 1.04169683621e-16
7007.78057194 9.73095162975e-17
7009.94855642 9.00801121616e-17
7012.11654091 8.75296573142e-17
7014.28452539 8.61364497154e-17
7016.45250988 9.63144014264e-17
7018.62049437 1.00630226939e-16
7020.78847885 9.88474821315e-17
7022.95646334 9.36426429411e-17
7025.12444782 8.80254240525e-17
7027.29243231 9.74072743486e-17
7029.46041679 9.08750113294e-17
7031.62840128 9.60891703335e-17
7033.79638577 9.7127646837e-17
7035.96437025 9.50914690374e-17
7038.13235474 1.00883114762e-16
7040.30033922 9.900470645e-17
7042.46832371 9.48117452743e-17
7044.63630819 1.05708758901e-16
7046.80429268 9.86748985742e-17
7048.97227716 9.70829654805e-17
7051.14026165 9.68288802247e-17
7053.30824614 1.0637544841e-16
7055.47623062 1.00713114931e-16
7057.64421511 9.30742999894e-17
7059.81219959 1.0018149301e-16
7061.98018408 1.02795036611e-16
7064.14816856 9.13135291749e-17
7066.31615305 9.38655118208e-17
7068.48413754 9.96302390561e-17
7070.65212202 9.97905233409e-17
7072.82010651 9.72994329594e-17
7074.98809099 9.25996189326e-17
7077.15607548 1.04258854389e-16
7079.32405996 1.11818644355e-16
7081.49204445 9.78320395615e-17
7083.66002893 9.54746721578e-17
7085.82801342 9.56585331364e-17
7087.99599791 1.01599312979e-16
7090.16398239 1.09119855423e-16
7092.33196688 1.06581729424e-16
7094.49995136 1.05197651127e-16
7096.66793585 9.34573875379e-17
7098.83592033 9.28888215056e-17
7101.00390482 9.92226828556e-17
7103.17188931 1.02004428931e-16
7105.33987379 1.09496985931e-16
7107.50785828 1.04372072375e-16
7109.67584276 1.02148956423e-16
7111.84382725 1.06188090947e-16
7114.01181173 1.04732792262e-16
7116.17979622 1.08614831285e-16
7118.3477807 1.10471359954e-16
7120.51576519 1.00257167038e-16
7122.68374968 1.01485743448e-16
7124.85173416 1.07394094633e-16
7127.01971865 1.08084130784e-16
7129.18770313 1.075921858e-16
7131.35568762 1.11065035765e-16
7133.5236721 1.12992031983e-16
7135.69165659 1.14122126616e-16
7137.85964108 1.08314048175e-16
7140.02762556 1.11314141807e-16
7142.19561005 1.09117964856e-16
7144.36359453 1.09693580275e-16
7146.53157902 1.08500369031e-16
7148.6995635 1.13742152742e-16
7150.86754799 9.93763087099e-17
7153.03553247 1.0191904034e-16
7155.20351696 1.05642154636e-16
7157.37150145 1.12807817702e-16
7159.53948593 1.1288136828e-16
7161.70747042 1.08513922794e-16
7163.8754549 1.11331151819e-16
7166.04343939 1.09239621739e-16
7168.21142387 9.62831362566e-17
7170.37940836 1.01050092739e-16
7172.54739285 1.21466246238e-16
7174.71537733 1.19084554205e-16
7176.88336182 1.18386874674e-16
7179.0513463 1.17914794948e-16
7181.21933079 1.06782424078e-16
7183.38731527 1.07461673527e-16
7185.55529976 1.07401178931e-16
7187.72328424 1.18069066741e-16
7189.89126873 1.10378048851e-16
7192.05925322 1.11824191791e-16
7194.2272377 1.12338914622e-16
7196.39522219 1.17653471325e-16
7198.56320667 1.22544483009e-16
7200.73119116 1.34038923442e-16
7202.89917564 1.21625454295e-16
7205.06716013 1.13986666862e-16
7207.23514462 1.25481633982e-16
7209.4031291 1.22007288531e-16
7211.57111359 1.19703767323e-16
7213.73909807 1.21062061549e-16
7215.90708256 1.15185933367e-16
7218.07506704 1.23286371677e-16
7220.24305153 1.22536964726e-16
7222.41103601 1.19029659887e-16
7224.5790205 1.1283193887e-16
7226.74700499 1.04113769295e-16
7228.91498947 1.12763856208e-16
7231.08297396 1.15598884387e-16
7233.25095844 1.15582580766e-16
7235.41894293 1.16418832008e-16
7237.58692741 1.17677855555e-16
7239.7549119 1.20018455778e-16
7241.92289639 1.14391871714e-16
7244.09088087 1.09859444973e-16
7246.25886536 1.15671907146e-16
7248.42684984 1.04691133502e-16
7250.59483433 1.10061279899e-16
7252.76281881 1.06411183749e-16
7254.9308033 1.2099912979e-16
7257.09878778 1.21961134812e-16
7259.26677227 1.09127241105e-16
7261.43475676 1.12065022836e-16
7263.60274124 1.17861139864e-16
7265.77072573 1.27259119701e-16
7267.93871021 1.17927972236e-16
7270.1066947 1.01085522676e-16
7272.27467918 1.07968160275e-16
7274.44266367 1.06289674306e-16
7276.61064816 1.22407047899e-16
7278.77863264 1.25955781057e-16
7280.94661713 1.12483422454e-16
7283.11460161 9.58348359518e-17
7285.2825861 1.1105847388e-16
7287.45057058 1.2300994626e-16
7289.61855507 1.13479858366e-16
7291.78653955 1.20765880678e-16
7293.95452404 1.17844429724e-16
7296.12250853 1.1021964239e-16
7298.29049301 1.11792669557e-16
7300.4584775 1.23094371302e-16
7302.62646198 1.10970174581e-16
7304.79444647 1.14000320852e-16
7306.96243095 1.17274000963e-16
7309.13041544 1.04740674253e-16
7311.29839993 1.12400452501e-16
7313.46638441 1.20838660853e-16
7315.6343689 1.14916517577e-16
7317.80235338 1.0697390623e-16
7319.97033787 1.08551859211e-16
7322.13832235 9.98866517878e-17
7324.30630684 1.05861277087e-16
7326.47429132 1.06260111677e-16
7328.64227581 1.07426202733e-16
7330.8102603 1.11252291288e-16
7332.97824478 1.09681694488e-16
7335.14622927 1.04958411068e-16
7337.31421375 1.08918169995e-16
7339.48219824 1.09196359325e-16
7341.65018272 1.03819256865e-16
7343.81816721 1.13552167e-16
7345.9861517 1.20119995423e-16
7348.15413618 1.11642799451e-16
7350.32212067 1.12779659136e-16
7352.49010515 1.1009699028e-16
7354.65808964 1.04445042375e-16
7356.82607412 1.10982681664e-16
7358.99405861 1.10209711079e-16
7361.16204309 1.04843325062e-16
7363.33002758 1.09209635209e-16
7365.49801207 1.17472660178e-16
7367.66599655 1.17897102293e-16
7369.83398104 1.13226063592e-16
7372.00196552 1.10913726247e-16
7374.16995001 1.1126820336e-16
7376.33793449 1.11821281439e-16
7378.50591898 1.00619694832e-16
7380.67390347 1.03750698135e-16
7382.84188795 1.13586323308e-16
7385.00987244 1.08655254775e-16
7387.17785692 1.04869154373e-16
7389.34584141 1.0309372405e-16
7391.51382589 1.11683392345e-16
7393.68181038 1.13809077486e-16
7395.84979486 1.19736953896e-16
7398.01777935 1.12174179256e-16
7400.18576384 1.0301546893e-16
7402.35374832 1.03145286937e-16
7404.52173281 1.08728243908e-16
7406.68971729 1.10016207212e-16
7408.85770178 9.81966900256e-17
7411.02568626 9.62070020956e-17
7413.19367075 1.13253401961e-16
7415.36165524 1.07851051585e-16
7417.52963972 1.08903493949e-16
7419.69762421 1.11809900777e-16
7421.86560869 1.03320965417e-16
7424.03359318 1.0561328139e-16
7426.20157766 1.06394711105e-16
7428.36956215 9.46569320438e-17
7430.53754663 1.01869763032e-16
7432.70553112 1.08839588238e-16
7434.87351561 1.15064019468e-16
7437.04150009 1.1130799385e-16
7439.20948458 1.00042232077e-16
7441.37746906 9.70770081651e-17
7443.54545355 1.13671548164e-16
7445.71343803 1.11128149248e-16
7447.88142252 1.1479962419e-16
7450.04940701 1.10308953494e-16
7452.21739149 1.03666694443e-16
7454.38537598 1.05038750358e-16
7456.55336046 1.12739503262e-16
7458.72134495 1.09324421304e-16
7460.88932943 1.08763957573e-16
7463.05731392 1.00651956066e-16
7465.2252984 1.02088629557e-16
7467.39328289 1.06923020072e-16
7469.56126738 1.24886437211e-16
7471.72925186 1.11885921926e-16
7473.89723635 1.10733687712e-16
7476.06522083 1.02323769594e-16
7478.23320532 1.04513300857e-16
7480.4011898 1.04302070013e-16
7482.56917429 9.8902136959e-17
7484.73715878 1.07590014584e-16
7486.90514326 1.03522169561e-16
7489.07312775 1.03690174093e-16
7491.24111223 1.07346283161e-16
7493.40909672 1.04309053162e-16
7495.5770812 1.05010914018e-16
7497.74506569 1.08120591521e-16
7499.91305017 1.12723599398e-16
7502.08103466 1.10400342389e-16
7504.24901915 1.05338303395e-16
7506.41700363 1.09254635569e-16
7508.58498812 1.10496964872e-16
7510.7529726 1.08197184524e-16
7512.92095709 1.00791826209e-16
7515.08894157 1.0463195354e-16
7517.25692606 1.21885735556e-16
7519.42491055 1.20574403238e-16
7521.59289503 1.14703443572e-16
7523.76087952 1.18271994306e-16
7525.928864 1.15282214364e-16
7528.09684849 1.13262714879e-16
7530.26483297 1.07418361681e-16
7532.43281746 1.03493007982e-16
7534.60080194 1.11960550915e-16
7536.76878643 1.04266784803e-16
7538.93677092 1.04444565585e-16
7541.1047554 1.0660087596e-16
7543.27273989 1.14785125493e-16
7545.44072437 1.08433762613e-16
7547.60870886 1.10140066926e-16
7549.77669334 1.12391386396e-16
7551.94467783 1.15067972064e-16
7554.11266232 1.01271535547e-16
7556.2806468 1.08250137001e-16
7558.44863129 1.00442281092e-16
7560.61661577 1.03949557997e-16
7562.78460026 1.11418908637e-16
7564.95258474 1.09559077044e-16
7567.12056923 1.23844764524e-16
7569.28855371 1.10564302289e-16
7571.4565382 9.32636071693e-17
7573.62452269 1.02051320376e-16
7575.79250717 1.06887342076e-16
7577.96049166 1.09552142912e-16
7580.12847614 1.01393437901e-16
7582.29646063 1.12175710975e-16
7584.46444511 1.01822273954e-16
7586.6324296 9.79582681511e-17
7588.80041409 1.04482316077e-16
7590.96839857 1.04480687469e-16
7593.13638306 9.82807910499e-17
7595.30436754 7.54739232278e-17
7597.47235203 7.47295625648e-17
7599.64033651 9.14635021219e-17
7601.808321 1.06547907785e-16
7603.97630548 1.08206936172e-16
7606.14428997 9.94199405248e-17
7608.31227446 1.092453554e-16
7610.48025894 1.33101398034e-16
7612.64824343 1.29450475612e-16
7614.81622791 1.19312771783e-16
7616.9842124 1.02781242437e-16
7619.15219688 8.85481794615e-17
7621.32018137 9.77639342214e-17
7623.48816586 1.17762996024e-16
7625.65615034 1.06143697513e-16
7627.82413483 9.55047932805e-17
7629.99211931 9.90801371296e-17
7632.1601038 1.07730901729e-16
7634.32808828 1.0416146751e-16
7636.49607277 9.83683198382e-17
7638.66405725 1.02010446396e-16
7640.83204174 1.11407071462e-16
7643.00002623 1.09609558553e-16
7645.16801071 1.00344181415e-16
7647.3359952 1.03864676126e-16
7649.50397968 9.09628137407e-17
7651.67196417 9.05287495339e-17
7653.83994865 1.16643226699e-16
7656.00793314 1.16423326466e-16
7658.17591763 1.03192054682e-16
7660.34390211 9.40496522126e-17
7662.5118866 9.85230565574e-17
7664.67987108 9.25808801572e-17
7666.84785557 1.0094009377e-16
7669.01584005 1.06637940097e-16
7671.18382454 1.0707488841e-16
7673.35180902 9.59338704652e-17
7675.51979351 1.0719477842e-16
7677.687778 1.11990377654e-16
7679.85576248 8.74540487804e-17
7682.02374697 1.11836763086e-16
7684.19173145 1.06480991854e-16
7686.35971594 1.05312780015e-16
7688.52770042 1.0638062664e-16
7690.69568491 1.13748081248e-16
7692.8636694 9.71595105516e-17
7695.03165388 1.00196561145e-16
7697.19963837 1.05281434043e-16
7699.36762285 9.90400474022e-17
7701.53560734 9.94093457385e-17
7703.70359182 9.19775735253e-17
7705.87157631 9.51591845534e-17
7708.03956079 1.08048635367e-16
7710.20754528 9.97760298872e-17
7712.37552977 8.91087602785e-17
7714.54351425 9.61640672656e-17
7716.71149874 9.47813569962e-17
7718.87948322 1.00355727989e-16
7721.04746771 9.99175887169e-17
7723.21545219 9.32800537018e-17
7725.38343668 8.90735858924e-17
7727.55142117 9.18049552023e-17
7729.71940565 8.94758377453e-17
7731.88739014 9.63996903986e-17
7734.05537462 9.46325771327e-17
7736.22335911 9.1700648747e-17
7738.39134359 1.02541555224e-16
7740.55932808 9.59660362274e-17
7742.72731256 1.00018071269e-16
7744.89529705 1.04177614063e-16
7747.06328154 9.82751582642e-17
7749.23126602 9.31522867573e-17
7751.39925051 8.42023460828e-17
7753.56723499 8.24317531079e-17
7755.73521948 8.63707025741e-17
7757.90320396 8.86061793462e-17
7760.07118845 9.04646024286e-17
7762.23917294 8.93348734324e-17
7764.40715742 8.3276275559e-17
7766.57514191 9.57377495603e-17
7768.74312639 9.59712379824e-17
7770.91111088 8.2471679395e-17
7773.07909536 9.03567362529e-17
7775.24707985 9.8449343237e-17
7777.41506433 8.18580904324e-17
7779.58304882 8.57699516668e-17
7781.75103331 9.2350991807e-17
7783.91901779 8.44463667474e-17
7786.08700228 7.84621506059e-17
7788.25498676 8.21166270549e-17
7790.42297125 8.1073173587e-17
7792.59095573 8.52297582726e-17
7794.75894022 8.724449072e-17
7796.92692471 9.21224952614e-17
7799.09490919 8.94203806975e-17
7801.26289368 9.60580407344e-17
7803.43087816 1.00838517308e-16
7805.59886265 8.78706856759e-17
7807.76684713 8.53176240901e-17
7809.93483162 8.64329055488e-17
7812.1028161 9.60145033747e-17
7814.27080059 7.52232835611e-17
7816.43878508 8.82098227628e-17
7818.60676956 8.06106335011e-17
7820.77475405 8.02660433449e-17
7822.94273853 9.02054899058e-17
7825.11072302 9.13236180634e-17
7827.2787075 9.11481422792e-17
7829.44669199 9.78115361724e-17
7831.61467648 9.86575919654e-17
7833.78266096 9.13467350681e-17
7835.95064545 8.41282269168e-17
7838.11862993 9.03633927043e-17
7840.28661442 8.28676331298e-17
7842.4545989 8.69856733228e-17
7844.62258339 9.56975196304e-17
7846.79056787 7.96110208808e-17
7848.95855236 8.33167457141e-17
7851.12653685 9.48819077769e-17
7853.29452133 9.88691247986e-17
7855.46250582 9.38347763595e-17
7857.6304903 8.06241143438e-17
7859.79847479 8.49610089147e-17
7861.96645927 9.32634416915e-17
7864.13444376 9.78636680914e-17
7866.30242825 9.56375992874e-17
7868.47041273 8.75456243629e-17
7870.63839722 8.04038928677e-17
7872.8063817 8.88641008999e-17
7874.97436619 9.68046649557e-17
7877.14235067 9.57571791652e-17
7879.31033516 8.78743188479e-17
7881.47831964 9.16429289739e-17
7883.64630413 8.73272847751e-17
7885.81428862 9.21851293281e-17
7887.9822731 1.00306025089e-16
7890.15025759 9.6055848994e-17
7892.31824207 8.53367624188e-17
7894.48622656 8.35432512758e-17
7896.65421104 9.19095615688e-17
7898.82219553 8.31846595044e-17
7900.99018002 8.81475289374e-17
7903.1581645 9.12660291724e-17
7905.32614899 8.58675704586e-17
7907.49413347 8.57091940891e-17
7909.66211796 8.06353022424e-17
7911.83010244 9.30117940218e-17
7913.99808693 7.94127452961e-17
7916.16607141 8.33253945304e-17
7918.3340559 9.37104024e-17
7920.50204039 8.76371719623e-17
7922.67002487 8.2840650511e-17
7924.83800936 8.27234288685e-17
7927.00599384 9.42360661736e-17
7929.17397833 9.88306105111e-17
7931.34196281 8.52245385527e-17
7933.5099473 9.28403701549e-17
7935.67793179 1.00252912124e-16
7937.84591627 9.68937049572e-17
7940.01390076 1.06692462226e-16
7942.18188524 1.03140213546e-16
7944.34986973 8.18746805145e-17
7946.51785421 7.02263712216e-17
7948.6858387 7.51989995847e-17
7950.85382318 7.58119348464e-17
7953.02180767 8.24908272941e-17
7955.18979216 8.89787844225e-17
7957.35777664 7.4838491461e-17
7959.52576113 6.87206132466e-17
7961.69374561 7.42203577462e-17
7963.8617301 7.41751214054e-17
7966.02971458 8.27158545575e-17
7968.19769907 8.30229446486e-17
7970.36568356 7.0541026532e-17
7972.53366804 7.8307647732e-17
7974.70165253 7.61737633325e-17
7976.86963701 8.09648096174e-17
7979.0376215 8.39229563494e-17
7981.20560598 7.64166820115e-17
7983.37359047 7.17154149373e-17
7985.54157495 8.06638158347e-17
7987.70955944 9.71847756898e-17
7989.87754393 8.19714546658e-17
7992.04552841 9.05488371886e-17
7994.2135129 8.52652890684e-17
7996.38149738 6.30508491368e-17
