#z 0.1206
3539.59 1.34218e-16
3541.77265462 1.35562e-16
3543.95530924 1.15818e-16
3546.13796386 1.31152e-16
3548.32061848 1.36928e-16
3550.5032731 1.28678e-16
3552.68592772 1.26653e-16
3554.86858233 1.27784e-16
3557.05123695 1.41346e-16
3559.23389157 1.49217e-16
3561.41654619 1.51791e-16
3563.59920081 1.51246e-16
3565.78185543 1.43796e-16
3567.96451005 1.25847e-16
3570.14716467 1.24233e-16
3572.32981929 1.40128e-16
3574.51247391 1.312e-16
3576.69512853 1.3224e-16
3578.87778315 1.21487e-16
3581.06043777 1.43203e-16
3583.24309238 1.44677e-16
3585.425747 1.36274e-16
3587.60840162 1.61219e-16
3589.79105624 1.45676e-16
3591.97371086 1.54969e-16
3594.15636548 1.42601e-16
3596.3390201 1.47658e-16
3598.52167472 1.3381e-16
3600.70432934 1.32867e-16
3602.88698396 1.48682e-16
3605.06963858 1.27152e-16
3607.2522932 1.33397e-16
3609.43494781 1.28265e-16
3611.61760243 1.449e-16
3613.80025705 1.34402e-16
3615.98291167 1.36605e-16
3618.16556629 1.27001e-16
3620.34822091 1.3393e-16
3622.53087553 1.38347e-16
3624.71353015 1.37685e-16
3626.89618477 1.33008e-16
3629.07883939 1.13448e-16
3631.26149401 1.11882e-16
3633.44414863 1.34154e-16
3635.62680325 1.2036e-16
3637.80945786 1.26483e-16
3639.99211248 1.43345e-16
3642.1747671 1.32026e-16
3644.35742172 1.40958e-16
3646.54007634 1.34514e-16
3648.72273096 1.25872e-16
3650.90538558 1.4422e-16
3653.0880402 1.3419e-16
3655.27069482 1.34195e-16
3657.45334944 1.50463e-16
3659.63600406 1.63534e-16
3661.81865868 1.35119e-16
3664.0013133 1.33142e-16
3666.18396791 1.52373e-16
3668.36662253 1.395e-16
3670.54927715 1.31869e-16
3672.73193177 1.31118e-16
3674.91458639 1.31339e-16
3677.09724101 1.27245e-16
3679.27989563 1.34839e-16
3681.46255025 1.37197e-16
3683.64520487 1.34837e-16
3685.82785949 1.35488e-16
3688.01051411 1.38268e-16
3690.19316873 1.38543e-16
3692.37582335 1.25684e-16
3694.55847796 1.33884e-16
3696.74113258 1.33432e-16
3698.9237872 1.40711e-16
3701.10644182 1.52542e-16
3703.28909644 1.51523e-16
3705.47175106 1.23728e-16
3707.65440568 1.25141e-16
3709.8370603 1.31455e-16
3712.01971492 1.24372e-16
3714.20236954 1.34904e-16
3716.38502416 1.60193e-16
3718.56767878 1.59922e-16
3720.7503334 1.40888e-16
3722.93298801 1.43844e-16
3725.11564263 1.492e-16
3727.29829725 1.35009e-16
3729.48095187 1.27292e-16
3731.66360649 1.44731e-16
3733.84626111 1.41321e-16
3736.02891573 1.31062e-16
3738.21157035 1.38634e-16
3740.39422497 1.30533e-16
3742.57687959 1.40816e-16
3744.75953421 1.38901e-16
3746.94218883 1.33725e-16
3749.12484344 1.44931e-16
3751.30749806 1.40623e-16
3753.49015268 1.44547e-16
3755.6728073 1.38229e-16
3757.85546192 1.32975e-16
3760.03811654 1.24353e-16
3762.22077116 1.25473e-16
3764.40342578 1.32921e-16
3766.5860804 1.33012e-16
3768.76873502 1.066e-16
3770.95138964 9.45263e-17
3773.13404426 1.24899e-16
3775.31669888 1.23142e-16
3777.49935349 1.35757e-16
3779.68200811 1.28656e-16
3781.86466273 1.32044e-16
3784.04731735 1.40637e-16
3786.22997197 1.47612e-16
3788.41262659 1.45538e-16
3790.59528121 1.29079e-16
3792.77793583 1.32917e-16
3794.96059045 1.35155e-16
3797.14324507 1.30033e-16
3799.32589969 1.47085e-16
3801.50855431 1.49606e-16
3803.69120893 1.38683e-16
3805.87386354 1.36657e-16
3808.05651816 1.33384e-16
3810.23917278 1.40384e-16
3812.4218274 1.44027e-16
3814.60448202 1.23891e-16
3816.78713664 1.3249e-16
3818.96979126 1.45734e-16
3821.15244588 1.45811e-16
3823.3351005 1.37969e-16
3825.51775512 1.31176e-16
3827.70040974 1.31817e-16
3829.88306436 1.3763e-16
3832.06571898 1.49595e-16
3834.24837359 1.39591e-16
3836.43102821 1.37681e-16
3838.61368283 1.2854e-16
3840.79633745 1.28992e-16
3842.97899207 1.27504e-16
3845.16164669 1.40885e-16
3847.34430131 1.48072e-16
3849.52695593 1.27432e-16
3851.70961055 1.31902e-16
3853.89226517 1.4041e-16
3856.07491979 1.38127e-16
3858.25757441 1.24205e-16
3860.44022902 1.35715e-16
3862.62288364 1.34053e-16
3864.80553826 1.32863e-16
3866.98819288 1.30844e-16
3869.1708475 1.37175e-16
3871.35350212 1.32119e-16
3873.53615674 1.32335e-16
3875.71881136 1.457e-16
3877.90146598 1.44473e-16
3880.0841206 1.39261e-16
3882.26677522 1.29558e-16
3884.44942984 1.3176e-16
3886.63208446 1.2532e-16
3888.81473907 1.31028e-16
3890.99739369 1.46772e-16
3893.18004831 1.33501e-16
3895.36270293 1.27487e-16
3897.54535755 1.25518e-16
3899.72801217 1.36378e-16
3901.91066679 1.37396e-16
3904.09332141 1.38346e-16
3906.27597603 1.36654e-16
3908.45863065 1.22663e-16
3910.64128527 1.28703e-16
3912.82393989 1.27864e-16
3915.00659451 1.34045e-16
3917.18924912 1.31427e-16
3919.37190374 1.17484e-16
3921.55455836 1.37497e-16
3923.73721298 1.38077e-16
3925.9198676 1.38159e-16
3928.10252222 1.38953e-16
3930.28517684 1.20569e-16
3932.46783146 1.20875e-16
3934.65048608 1.23386e-16
3936.8331407 1.23258e-16
3939.01579532 1.30667e-16
3941.19844994 1.23412e-16
3943.38110456 1.26249e-16
3945.56375917 1.34477e-16
3947.74641379 1.30341e-16
3949.92906841 1.16907e-16
3952.11172303 1.15034e-16
3954.29437765 1.16672e-16
3956.47703227 1.21872e-16
3958.65968689 1.21622e-16
3960.84234151 1.25464e-16
3963.02499613 1.26682e-16
3965.20765075 1.32831e-16
3967.39030537 1.34642e-16
3969.57295999 1.2241e-16
3971.7556146 1.1995e-16
3973.93826922 1.1614e-16
3976.12092384 1.30487e-16
3978.30357846 1.34764e-16
3980.48623308 1.29671e-16
3982.6688877 1.22958e-16
3984.85154232 1.16908e-16
3987.03419694 1.23058e-16
3989.21685156 1.24183e-16
3991.39950618 1.19e-16
3993.5821608 1.29684e-16
3995.76481542 1.38872e-16
3997.94747004 1.27073e-16
4000.13012465 1.26755e-16
4002.31277927 1.2282e-16
4004.49543389 1.29027e-16
4006.67808851 1.21885e-16
4008.86074313 1.14939e-16
4011.04339775 1.37176e-16
4013.22605237 1.31988e-16
4015.40870699 1.28868e-16
4017.59136161 1.24454e-16
4019.77401623 1.17905e-16
4021.95667085 1.06402e-16
4024.13932547 1.20398e-16
4026.32198009 1.23837e-16
4028.5046347 1.26173e-16
4030.68728932 1.24845e-16
4032.86994394 1.35454e-16
4035.05259856 1.40706e-16
4037.23525318 1.33658e-16
4039.4179078 1.30836e-16
4041.60056242 1.23593e-16
4043.78321704 1.17671e-16
4045.96587166 1.25404e-16
4048.14852628 1.22764e-16
4050.3311809 1.1144e-16
4052.51383552 1.09461e-16
4054.69649014 1.23333e-16
4056.87914475 1.17995e-16
4059.06179937 1.25921e-16
4061.24445399 1.26341e-16
4063.42710861 1.2318e-16
4065.60976323 1.38674e-16
4067.79241785 1.29864e-16
4069.97507247 1.25638e-16
4072.15772709 1.21434e-16
4074.34038171 1.1728e-16
4076.52303633 1.29129e-16
4078.70569095 1.21261e-16
4080.88834557 1.32284e-16
4083.07100019 1.28012e-16
4085.2536548 1.33935e-16
4087.43630942 1.26365e-16
4089.61896404 1.34384e-16
4091.80161866 1.28449e-16
4093.98427328 1.18725e-16
4096.1669279 1.23021e-16
4098.34958252 1.32002e-16
4100.53223714 1.31201e-16
4102.71489176 1.19628e-16
4104.89754638 1.1404e-16
4107.080201 1.27312e-16
4109.26285562 1.22502e-16
4111.44551023 1.2305e-16
4113.62816485 1.21404e-16
4115.81081947 1.27269e-16
4117.99347409 1.28664e-16
4120.17612871 1.32867e-16
4122.35878333 1.26151e-16
4124.54143795 1.20261e-16
4126.72409257 1.18449e-16
4128.90674719 1.15504e-16
4131.08940181 1.16892e-16
4133.27205643 1.27833e-16
4135.45471105 1.35594e-16
4137.63736567 1.277e-16
4139.82002028 1.26621e-16
4142.0026749 1.33086e-16
4144.18532952 1.26631e-16
4146.36798414 1.3024e-16
4148.55063876 1.34702e-16
4150.73329338 1.24871e-16
4152.915948 1.29199e-16
4155.09860262 1.294e-16
4157.28125724 1.24487e-16
4159.46391186 1.27564e-16
4161.64656648 1.35086e-16
4163.8292211 1.31096e-16
4166.01187572 1.26159e-16
4168.19453033 1.20929e-16
4170.37718495 1.30613e-16
4172.55983957 1.39268e-16
4174.74249419 1.43483e-16
4176.92514881 1.44735e-16
4179.10780343 1.38861e-16
4181.29045805 1.38066e-16
4183.47311267 1.44563e-16
4185.65576729 1.26413e-16
4187.83842191 1.15948e-16
4190.02107653 1.24139e-16
4192.20373115 1.38945e-16
4194.38638577 1.39675e-16
4196.56904038 1.29754e-16
4198.751695 1.2299e-16
4200.93434962 1.28728e-16
4203.11700424 1.31738e-16
4205.29965886 1.25533e-16
4207.48231348 1.29782e-16
4209.6649681 1.31104e-16
4211.84762272 1.39723e-16
4214.03027734 1.34436e-16
4216.21293196 1.36849e-16
4218.39558658 1.43621e-16
4220.5782412 1.36716e-16
4222.76089581 1.33673e-16
4224.94355043 1.31736e-16
4227.12620505 1.26098e-16
4229.30885967 1.23938e-16
4231.49151429 1.35683e-16
4233.67416891 1.39906e-16
4235.85682353 1.28861e-16
4238.03947815 1.34005e-16
4240.22213277 1.40068e-16
4242.40478739 1.33289e-16
4244.58744201 1.27165e-16
4246.77009663 1.24868e-16
4248.95275125 1.17443e-16
4251.13540586 1.27231e-16
4253.31806048 1.2948e-16
4255.5007151 1.21498e-16
4257.68336972 1.26201e-16
4259.86602434 1.33856e-16
4262.04867896 1.35006e-16
4264.23133358 1.37699e-16
4266.4139882 1.45926e-16
4268.59664282 1.397e-16
4270.77929744 1.42867e-16
4272.96195206 1.43651e-16
4275.14460668 1.32326e-16
4277.3272613 1.2769e-16
4279.50991591 1.39408e-16
4281.69257053 1.35142e-16
4283.87522515 1.38696e-16
4286.05787977 1.32916e-16
4288.24053439 1.20104e-16
4290.42318901 1.24029e-16
4292.60584363 1.20087e-16
4294.78849825 1.09703e-16
4296.97115287 1.05528e-16
4299.15380749 1.21089e-16
4301.33646211 1.28357e-16
4303.51911673 1.34781e-16
4305.70177135 1.29122e-16
4307.88442596 1.34693e-16
4310.06708058 1.39379e-16
4312.2497352 1.2692e-16
4314.43238982 1.33896e-16
4316.61504444 1.33476e-16
4318.79769906 1.35566e-16
4320.98035368 1.32168e-16
4323.1630083 1.31412e-16
4325.34566292 1.35293e-16
4327.52831754 1.37862e-16
4329.71097216 1.4727e-16
4331.89362678 1.38414e-16
4334.07628139 1.36141e-16
4336.25893601 1.27598e-16
4338.44159063 1.29682e-16
4340.62424525 1.29503e-16
4342.80689987 1.21377e-16
4344.98955449 1.25334e-16
4347.17220911 1.33542e-16
4349.35486373 1.25928e-16
4351.53751835 1.2981e-16
4353.72017297 1.28238e-16
4355.90282759 1.12448e-16
4358.08548221 1.21728e-16
4360.26813683 1.28438e-16
4362.45079144 1.26328e-16
4364.63344606 1.40007e-16
4366.81610068 1.39472e-16
4368.9987553 1.44047e-16
4371.18140992 1.48482e-16
4373.36406454 1.42213e-16
4375.54671916 1.41312e-16
4377.72937378 1.38547e-16
4379.9120284 1.41738e-16
4382.09468302 1.4127e-16
4384.27733764 1.44444e-16
4386.45999226 1.34468e-16
4388.64264688 1.34677e-16
4390.82530149 1.37127e-16
4393.00795611 1.35917e-16
4395.19061073 1.36112e-16
4397.37326535 1.37977e-16
4399.55591997 1.18091e-16
4401.73857459 1.11995e-16
4403.92122921 1.22353e-16
4406.10388383 1.11001e-16
4408.28653845 1.10343e-16
4410.46919307 1.11074e-16
4412.65184769 1.1838e-16
4414.83450231 1.26531e-16
4417.01715693 1.34031e-16
4419.19981154 1.37446e-16
4421.38246616 1.33695e-16
4423.56512078 1.34398e-16
4425.7477754 1.2785e-16
4427.93043002 1.29541e-16
4430.11308464 1.38141e-16
4432.29573926 1.30028e-16
4434.47839388 1.30087e-16
4436.6610485 1.26375e-16
4438.84370312 1.13676e-16
4441.02635774 1.12982e-16
4443.20901236 1.17728e-16
4445.39166698 1.07433e-16
4447.57432159 9.87132e-17
4449.75697621 1.00358e-16
4451.93963083 1.13858e-16
4454.12228545 1.25489e-16
4456.30494007 1.27029e-16
4458.48759469 1.35255e-16
4460.67024931 1.36448e-16
4462.85290393 1.42538e-16
4465.03555855 1.43183e-16
4467.21821317 1.45701e-16
4469.40086779 1.43139e-16
4471.58352241 1.42459e-16
4473.76617702 1.35827e-16
4475.94883164 1.40662e-16
4478.13148626 1.44885e-16
4480.31414088 1.43143e-16
4482.4967955 1.42343e-16
4484.67945012 1.50842e-16
4486.86210474 1.51558e-16
4489.04475936 1.55713e-16
4491.22741398 1.5222e-16
4493.4100686 1.49785e-16
4495.59272322 1.56066e-16
4497.77537784 1.63468e-16
4499.95803246 1.58918e-16
4502.14068707 1.56019e-16
4504.32334169 1.57199e-16
4506.50599631 1.67075e-16
4508.68865093 1.60675e-16
4510.87130555 1.56328e-16
4513.05396017 1.52845e-16
4515.23661479 1.64233e-16
4517.41926941 1.53031e-16
4519.60192403 1.59791e-16
4521.78457865 1.62712e-16
4523.96723327 1.5724e-16
4526.14988789 1.67661e-16
4528.33254251 1.66964e-16
4530.51519712 1.69666e-16
4532.69785174 1.60586e-16
4534.88050636 1.41718e-16
4537.06316098 1.62904e-16
4539.2458156 1.60552e-16
4541.42847022 1.63448e-16
4543.61112484 1.66103e-16
4545.79377946 1.5296e-16
4547.97643408 1.48262e-16
4550.1590887 1.67092e-16
4552.34174332 1.60698e-16
4554.52439794 1.65707e-16
4556.70705256 1.642e-16
4558.88970717 1.64936e-16
4561.07236179 1.58443e-16
4563.25501641 1.62663e-16
4565.43767103 1.62198e-16
4567.62032565 1.47322e-16
4569.80298027 1.58932e-16
4571.98563489 1.60557e-16
4574.16828951 1.62352e-16
4576.35094413 1.67548e-16
4578.53359875 1.68064e-16
4580.71625337 1.63119e-16
4582.89890799 1.56641e-16
4585.0815626 1.61597e-16
4587.26421722 1.50865e-16
4589.44687184 1.52376e-16
4591.62952646 1.51115e-16
4593.81218108 1.46636e-16
4595.9948357 1.46816e-16
4598.17749032 1.49389e-16
4600.36014494 1.53784e-16
4602.54279956 1.41848e-16
4604.72545418 1.66236e-16
4606.9081088 1.61765e-16
4609.09076342 1.59492e-16
4611.27341804 1.69058e-16
4613.45607265 1.64969e-16
4615.63872727 1.61895e-16
4617.82138189 1.59201e-16
4620.00403651 1.57389e-16
4622.18669113 1.62037e-16
4624.36934575 1.62345e-16
4626.55200037 1.53587e-16
4628.73465499 1.63613e-16
4630.91730961 1.54956e-16
4633.09996423 1.54567e-16
4635.28261885 1.5629e-16
4637.46527347 1.57794e-16
4639.64792809 1.56409e-16
4641.8305827 1.738e-16
4644.01323732 1.68775e-16
4646.19589194 1.66379e-16
4648.37854656 1.70776e-16
4650.56120118 1.66567e-16
4652.7438558 1.55748e-16
4654.92651042 1.5644e-16
4657.10916504 1.65025e-16
4659.29181966 1.69616e-16
4661.47447428 1.73882e-16
4663.6571289 1.72907e-16
4665.83978352 1.66261e-16
4668.02243814 1.68874e-16
4670.20509275 1.763e-16
4672.38774737 1.67607e-16
4674.57040199 1.66345e-16
4676.75305661 1.53729e-16
4678.93571123 1.63426e-16
4681.11836585 1.76681e-16
4683.30102047 1.63544e-16
4685.48367509 1.61449e-16
4687.66632971 1.81157e-16
4689.84898433 1.75139e-16
4692.03163895 1.68917e-16
4694.21429357 1.73144e-16
4696.39694818 1.72067e-16
4698.5796028 1.75217e-16
4700.76225742 1.7757e-16
4702.94491204 1.68761e-16
4705.12756666 1.59065e-16
4707.31022128 1.63916e-16
4709.4928759 1.72251e-16
4711.67553052 1.65045e-16
4713.85818514 1.76641e-16
4716.04083976 1.81205e-16
4718.22349438 1.73134e-16
4720.406149 1.69037e-16
4722.58880362 1.73644e-16
4724.77145823 1.77686e-16
4726.95411285 1.72235e-16
4729.13676747 1.77857e-16
4731.31942209 1.81479e-16
4733.50207671 1.6547e-16
4735.68473133 1.59116e-16
4737.86738595 1.68707e-16
4740.05004057 1.78688e-16
4742.23269519 1.7131e-16
4744.41534981 1.62862e-16
4746.59800443 1.78864e-16
4748.78065905 1.75279e-16
4750.96331367 1.68866e-16
4753.14596828 1.72844e-16
4755.3286229 1.7011e-16
4757.51127752 1.70299e-16
4759.69393214 1.73927e-16
4761.87658676 1.64543e-16
4764.05924138 1.69053e-16
4766.241896 1.74752e-16
4768.42455062 1.79266e-16
4770.60720524 1.72685e-16
4772.78985986 1.65363e-16
4774.97251448 1.62923e-16
4777.1551691 1.81544e-16
4779.33782372 1.81159e-16
4781.52047833 1.75004e-16
4783.70313295 1.69647e-16
4785.88578757 1.66356e-16
4788.06844219 1.73943e-16
4790.25109681 1.82577e-16
4792.43375143 1.86839e-16
4794.61640605 1.9315e-16
4796.79906067 1.86291e-16
4798.98171529 1.93928e-16
4801.16436991 1.86446e-16
4803.34702453 1.93518e-16
4805.52967915 1.873e-16
4807.71233377 1.88702e-16
4809.89498838 1.96987e-16
4812.077643 1.91334e-16
4814.26029762 1.92807e-16
4816.44295224 1.86502e-16
4818.62560686 1.82135e-16
4820.80826148 1.81412e-16
4822.9909161 1.85131e-16
4825.17357072 1.71349e-16
4827.35622534 1.79438e-16
4829.53887996 1.88167e-16
4831.72153458 1.86562e-16
4833.9041892 1.96025e-16
4836.08684381 2.02067e-16
4838.26949843 1.9535e-16
4840.45215305 1.86024e-16
4842.63480767 1.77257e-16
4844.81746229 1.73542e-16
4847.00011691 1.67129e-16
4849.18277153 1.50296e-16
4851.36542615 1.53569e-16
4853.54808077 1.46328e-16
4855.73073539 1.44744e-16
4857.91339001 1.37676e-16
4860.09604463 1.21539e-16
4862.27869925 1.40798e-16
4864.46135386 1.40067e-16
4866.64400848 1.37079e-16
4868.8266631 1.49462e-16
4871.00931772 1.53498e-16
4873.19197234 1.63066e-16
4875.37462696 1.71468e-16
4877.55728158 1.69674e-16
4879.7399362 1.69896e-16
4881.92259082 1.83794e-16
4884.10524544 1.94975e-16
4886.28790006 1.99958e-16
4888.47055468 1.86538e-16
4890.6532093 1.98384e-16
4892.83586391 2.00617e-16
4895.01851853 1.91244e-16
4897.20117315 2.08194e-16
4899.38382777 1.90479e-16
4901.56648239 1.94258e-16
4903.74913701 1.95626e-16
4905.93179163 1.98137e-16
4908.11444625 1.92552e-16
4910.29710087 1.90215e-16
4912.47975549 1.86982e-16
4914.66241011 1.94992e-16
4916.84506473 1.91874e-16
4919.02771935 1.97565e-16
4921.21037396 1.97908e-16
4923.39302858 1.93571e-16
4925.5756832 1.91954e-16
4927.75833782 1.98963e-16
4929.94099244 2.05168e-16
4932.12364706 1.93897e-16
4934.30630168 1.9067e-16
4936.4889563 1.91027e-16
4938.67161092 1.8656e-16
4940.85426554 1.98048e-16
4943.03692016 2.15305e-16
4945.21957478 1.94594e-16
4947.40222939 1.91812e-16
4949.58488401 2.08739e-16
4951.76753863 2.01292e-16
4953.95019325 2.00369e-16
4956.13284787 1.94544e-16
4958.31550249 1.92413e-16
4960.49815711 1.94887e-16
4962.68081173 1.92232e-16
4964.86346635 1.92072e-16
4967.04612097 1.9014e-16
4969.22877559 1.97952e-16
4971.41143021 1.98461e-16
4973.59408483 1.88219e-16
4975.77673944 1.87593e-16
4977.95939406 1.85629e-16
4980.14204868 1.81961e-16
4982.3247033 1.86636e-16
4984.50735792 1.91693e-16
4986.69001254 1.83709e-16
4988.87266716 1.8745e-16
4991.05532178 1.80174e-16
4993.2379764 1.76924e-16
4995.42063102 1.85537e-16
4997.60328564 1.87003e-16
4999.78594026 1.82622e-16
5001.96859488 1.78092e-16
5004.15124949 1.75764e-16
5006.33390411 1.76352e-16
5008.51655873 1.82539e-16
5010.69921335 1.81371e-16
5012.88186797 1.88245e-16
5015.06452259 1.84396e-16
5017.24717721 1.71241e-16
5019.42983183 1.69275e-16
5021.61248645 1.73105e-16
5023.79514107 1.73976e-16
5025.97779569 1.72828e-16
5028.16045031 1.71011e-16
5030.34310493 1.67663e-16
5032.52575954 1.6866e-16
5034.70841416 1.73977e-16
5036.89106878 1.8355e-16
5039.0737234 1.72557e-16
5041.25637802 1.67141e-16
5043.43903264 1.7521e-16
5045.62168726 1.78486e-16
5047.80434188 1.80079e-16
5049.9869965 1.78163e-16
5052.16965112 1.77442e-16
5054.35230574 1.69976e-16
5056.53496036 1.65032e-16
5058.71761497 1.60424e-16
5060.90026959 1.56731e-16
5063.08292421 1.64868e-16
5065.26557883 1.63324e-16
5067.44823345 1.66747e-16
5069.63088807 1.65157e-16
5071.81354269 1.54319e-16
5073.99619731 1.6346e-16
5076.17885193 1.66099e-16
5078.36150655 1.67315e-16
5080.54416117 1.6849e-16
5082.72681579 1.71647e-16
5084.90947041 1.74357e-16
5087.09212502 1.76766e-16
5089.27477964 1.72359e-16
5091.45743426 1.63821e-16
5093.64008888 1.75608e-16
5095.8227435 1.73922e-16
5098.00539812 1.72747e-16
5100.18805274 1.62019e-16
5102.37070736 1.6445e-16
5104.55336198 1.66243e-16
5106.7360166 1.65715e-16
5108.91867122 1.72802e-16
5111.10132584 1.69758e-16
5113.28398046 1.78126e-16
5115.46663507 1.69999e-16
5117.64928969 1.69298e-16
5119.83194431 1.68172e-16
5122.01459893 1.67855e-16
5124.19725355 1.74828e-16
5126.37990817 1.68252e-16
5128.56256279 1.61186e-16
5130.74521741 1.60889e-16
5132.92787203 1.64307e-16
5135.11052665 1.63647e-16
5137.29318127 1.67861e-16
5139.47583589 1.65465e-16
5141.65849051 1.63034e-16
5143.84114512 1.64042e-16
5146.02379974 1.61711e-16
5148.20645436 1.64815e-16
5150.38910898 1.72147e-16
5152.5717636 1.65216e-16
5154.75441822 1.67081e-16
5156.93707284 1.72825e-16
5159.11972746 1.71244e-16
5161.30238208 1.72403e-16
5163.4850367 1.87349e-16
5165.66769132 1.79176e-16
5167.85034594 1.77763e-16
5170.03300056 1.77288e-16
5172.21565517 1.82346e-16
5174.39830979 1.67908e-16
5176.58096441 1.72491e-16
5178.76361903 1.71121e-16
5180.94627365 1.73873e-16
5183.12892827 1.73488e-16
5185.31158289 1.71306e-16
5187.49423751 1.69767e-16
5189.67689213 1.82796e-16
5191.85954675 1.71537e-16
5194.04220137 1.75576e-16
5196.22485599 1.63523e-16
5198.4075106 1.66846e-16
5200.59016522 1.63965e-16
5202.77281984 1.69065e-16
5204.95547446 1.73242e-16
5207.13812908 1.68786e-16
5209.3207837 1.67273e-16
5211.50343832 1.68124e-16
5213.68609294 1.793e-16
5215.86874756 1.74904e-16
5218.05140218 1.72528e-16
5220.2340568 1.73097e-16
5222.41671142 1.66746e-16
5224.59936604 1.70229e-16
5226.78202065 1.66549e-16
5228.96467527 1.5963e-16
5231.14732989 1.6022e-16
5233.32998451 1.65345e-16
5235.51263913 1.68278e-16
5237.69529375 1.65829e-16
5239.87794837 1.63657e-16
5242.06060299 1.65543e-16
5244.24325761 1.69291e-16
5246.42591223 1.69372e-16
5248.60856685 1.71083e-16
5250.79122147 1.63257e-16
5252.97387609 1.60198e-16
5255.1565307 1.58198e-16
5257.33918532 1.59376e-16
5259.52183994 1.5805e-16
5261.70449456 1.60058e-16
5263.88714918 1.57543e-16
5266.0698038 1.56792e-16
5268.25245842 1.51604e-16
5270.43511304 1.54337e-16
5272.61776766 1.52071e-16
5274.80042228 1.59942e-16
5276.9830769 1.56859e-16
5279.16573152 1.52226e-16
5281.34838614 1.55225e-16
5283.53104075 1.52592e-16
5285.71369537 1.59478e-16
5287.89634999 1.59984e-16
5290.07900461 1.57885e-16
5292.26165923 1.62411e-16
5294.44431385 1.57265e-16
5296.62696847 1.5081e-16
5298.80962309 1.48113e-16
5300.99227771 1.52383e-16
5303.17493233 1.40238e-16
5305.35758695 1.50122e-16
5307.54024157 1.55645e-16
5309.72289618 1.44955e-16
5311.9055508 1.50502e-16
5314.08820542 1.56595e-16
5316.27086004 1.55995e-16
5318.45351466 1.57196e-16
5320.63616928 1.53929e-16
5322.8188239 1.48002e-16
5325.00147852 1.56501e-16
5327.18413314 1.56461e-16
5329.36678776 1.52489e-16
5331.54944238 1.48314e-16
5333.732097 1.49692e-16
5335.91475162 1.52842e-16
5338.09740623 1.54902e-16
5340.28006085 1.56012e-16
5342.46271547 1.54128e-16
5344.64537009 1.59431e-16
5346.82802471 1.6335e-16
5349.01067933 1.61913e-16
5351.19333395 1.60822e-16
5353.37598857 1.64126e-16
5355.55864319 1.55834e-16
5357.74129781 1.56274e-16
5359.92395243 1.5922e-16
5362.10660705 1.55866e-16
5364.28926167 1.51774e-16
5366.47191628 1.52915e-16
5368.6545709 1.70744e-16
5370.83722552 1.66726e-16
5373.01988014 1.63529e-16
5375.20253476 1.6465e-16
5377.38518938 1.68637e-16
5379.567844 1.71198e-16
5381.75049862 1.64714e-16
5383.93315324 1.6683e-16
5386.11580786 1.62619e-16
5388.29846248 1.57785e-16
5390.4811171 1.60456e-16
5392.66377172 1.61363e-16
5394.84642633 1.61374e-16
5397.02908095 1.62346e-16
5399.21173557 1.67903e-16
5401.39439019 1.6899e-16
5403.57704481 1.68496e-16
5405.75969943 1.65082e-16
5407.94235405 1.6041e-16
5410.12500867 1.63747e-16
5412.30766329 1.63137e-16
5414.49031791 1.57188e-16
5416.67297253 1.51546e-16
5418.85562715 1.62494e-16
5421.03828176 1.64767e-16
5423.22093638 1.66193e-16
5425.403591 1.66771e-16
5427.58624562 1.62482e-16
5429.76890024 1.61016e-16
5431.95155486 1.61909e-16
5434.13420948 1.60979e-16
5436.3168641 1.44595e-16
5438.49951872 1.51397e-16
5440.68217334 1.58665e-16
5442.86482796 1.68668e-16
5445.04748258 1.63736e-16
5447.2301372 1.63076e-16
5449.41279181 1.58197e-16
5451.59544643 1.52906e-16
5453.77810105 1.56298e-16
5455.96075567 1.49735e-16
5458.14341029 1.5232e-16
5460.32606491 1.51622e-16
5462.50871953 1.5179e-16
5464.69137415 1.53859e-16
5466.87402877 1.55883e-16
5469.05668339 1.59787e-16
5471.23933801 1.64851e-16
5473.42199263 1.63978e-16
5475.60464725 1.58915e-16
5477.78730186 1.49524e-16
5479.96995648 1.55674e-16
5482.1526111 1.6504e-16
5484.33526572 1.63595e-16
5486.51792034 1.59135e-16
5488.70057496 1.61007e-16
5490.88322958 1.58023e-16
5493.0658842 1.71494e-16
5495.24853882 1.71184e-16
5497.43119344 1.67809e-16
5499.61384806 1.61514e-16
5501.79650268 1.52671e-16
5503.9791573 1.57178e-16
5506.16181191 1.61981e-16
5508.34446653 1.59277e-16
5510.52712115 1.60655e-16
5512.70977577 1.61308e-16
5514.89243039 1.56043e-16
5517.07508501 1.51026e-16
5519.25773963 1.62418e-16
5521.44039425 1.70553e-16
5523.62304887 1.66905e-16
5525.80570349 1.6839e-16
5527.98835811 1.63588e-16
5530.17101273 1.65659e-16
5532.35366735 1.63218e-16
5534.53632196 1.62737e-16
5536.71897658 1.58029e-16
5538.9016312 1.60592e-16
5541.08428582 1.59825e-16
5543.26694044 1.59781e-16
5545.44959506 1.64994e-16
5547.63224968 1.60903e-16
5549.8149043 1.56464e-16
5551.99755892 1.61298e-16
5554.18021354 1.55123e-16
5556.36286816 1.61824e-16
5558.54552278 1.62169e-16
5560.72817739 1.621e-16
5562.91083201 1.60391e-16
5565.09348663 1.5235e-16
5567.27614125 1.55407e-16
5569.45879587 1.60251e-16
5571.64145049 1.51095e-16
5573.82410511 1.83585e-16
5576.00675973 1.74992e-16
5578.18941435 1.45414e-16
5580.37206897 1.42745e-16
5582.55472359 1.31519e-16
5584.73737821 1.3639e-16
5586.92003283 1.45417e-16
5589.10268744 1.52905e-16
5591.28534206 1.58429e-16
5593.46799668 1.54999e-16
5595.6506513 1.52441e-16
5597.83330592 1.44709e-16
5600.01596054 1.48069e-16
5602.19861516 1.48542e-16
5604.38126978 1.46425e-16
5606.5639244 1.5962e-16
5608.74657902 1.56922e-16
5610.92923364 1.58979e-16
5613.11188826 1.58947e-16
5615.29454288 1.55559e-16
5617.47719749 1.51099e-16
5619.65985211 1.4959e-16
5621.84250673 1.44991e-16
5624.02516135 1.38609e-16
5626.20781597 1.376e-16
5628.39047059 1.42359e-16
5630.57312521 1.46358e-16
5632.75577983 1.44252e-16
5634.93843445 1.38372e-16
5637.12108907 1.51977e-16
5639.30374369 1.46965e-16
5641.48639831 1.52019e-16
5643.66905293 1.35903e-16
5645.85170754 1.39789e-16
5648.03436216 1.40256e-16
5650.21701678 1.43339e-16
5652.3996714 1.41279e-16
5654.58232602 1.40507e-16
5656.76498064 1.44536e-16
5658.94763526 1.46466e-16
5661.13028988 1.43887e-16
5663.3129445 1.39492e-16
5665.49559912 1.40403e-16
5667.67825374 1.45437e-16
5669.86090836 1.4467e-16
5672.04356297 1.42274e-16
5674.22621759 1.45063e-16
5676.40887221 1.42885e-16
5678.59152683 1.34396e-16
5680.77418145 1.41789e-16
5682.95683607 1.4259e-16
5685.13949069 1.37985e-16
5687.32214531 1.46533e-16
5689.50479993 1.41386e-16
5691.68745455 1.32433e-16
5693.87010917 1.36144e-16
5696.05276379 1.35055e-16
5698.23541841 1.34711e-16
5700.41807302 1.36596e-16
5702.60072764 1.49063e-16
5704.78338226 1.52072e-16
5706.96603688 1.4407e-16
5709.1486915 1.37496e-16
5711.33134612 1.33215e-16
5713.51400074 1.32762e-16
5715.69665536 1.34338e-16
5717.87930998 1.4162e-16
5720.0619646 1.38726e-16
5722.24461922 1.33065e-16
5724.42727384 1.28767e-16
5726.60992846 1.33917e-16
5728.79258307 1.29514e-16
5730.97523769 1.3219e-16
5733.15789231 1.34818e-16
5735.34054693 1.39904e-16
5737.52320155 1.33061e-16
5739.70585617 1.28435e-16
5741.88851079 1.27855e-16
5744.07116541 1.30283e-16
5746.25382003 1.25315e-16
5748.43647465 1.30271e-16
5750.61912927 1.28577e-16
5752.80178389 1.26062e-16
5754.98443851 1.25908e-16
5757.16709312 1.24173e-16
5759.34974774 1.30302e-16
5761.53240236 1.28108e-16
5763.71505698 1.25105e-16
5765.8977116 1.25904e-16
5768.08036622 1.30671e-16
5770.26302084 1.25945e-16
5772.44567546 1.25814e-16
5774.62833008 1.24437e-16
5776.8109847 1.34989e-16
5778.99363932 1.39968e-16
5781.17629394 1.29568e-16
5783.35894855 1.2427e-16
5785.54160317 1.24075e-16
5787.72425779 1.21157e-16
5789.90691241 1.16869e-16
5792.08956703 1.09195e-16
5794.27222165 1.09425e-16
5796.45487627 1.16776e-16
5798.63753089 1.16903e-16
5800.82018551 1.16059e-16
5803.00284013 1.29809e-16
5805.18549475 1.28624e-16
5807.36814937 1.10623e-16
5809.55080399 1.12083e-16
5811.7334586 1.17753e-16
5813.91611322 1.21436e-16
5816.09876784 1.23858e-16
5818.28142246 1.24174e-16
5820.46407708 1.24453e-16
5822.6467317 1.25176e-16
5824.82938632 1.256e-16
5827.01204094 1.30241e-16
5829.19469556 1.25613e-16
5831.37735018 1.11182e-16
5833.5600048 1.19759e-16
5835.74265942 1.27163e-16
5837.92531404 1.19596e-16
5840.10796865 1.28001e-16
5842.29062327 1.30294e-16
5844.47327789 1.27518e-16
5846.65593251 1.33072e-16
5848.83858713 1.30903e-16
5851.02124175 1.26906e-16
5853.20389637 1.22165e-16
5855.38655099 1.25542e-16
5857.56920561 1.28107e-16
5859.75186023 1.20055e-16
5861.93451485 1.26504e-16
5864.11716947 1.33117e-16
5866.29982409 1.20262e-16
5868.4824787 1.28668e-16
5870.66513332 1.33743e-16
5872.84778794 1.24804e-16
5875.03044256 1.22853e-16
5877.21309718 1.21989e-16
5879.3957518 1.27396e-16
5881.57840642 1.26764e-16
5883.76106104 1.30482e-16
5885.94371566 1.29505e-16
5888.12637028 1.21379e-16
5890.3090249 1.28158e-16
5892.49167952 1.30678e-16
5894.67433414 1.22845e-16
5896.85698875 1.21766e-16
5899.03964337 1.21095e-16
5901.22229799 1.16241e-16
5903.40495261 1.21194e-16
5905.58760723 1.16207e-16
5907.77026185 1.15215e-16
5909.95291647 1.23922e-16
5912.13557109 1.24313e-16
5914.31822571 1.24937e-16
5916.50088033 1.21965e-16
5918.68353495 1.26978e-16
5920.86618957 1.28029e-16
5923.04884418 1.32755e-16
5925.2314988 1.4104e-16
5927.41415342 1.36947e-16
5929.59680804 1.29016e-16
5931.77946266 1.31643e-16
5933.96211728 1.31764e-16
5936.1447719 1.32484e-16
5938.32742652 1.28391e-16
5940.51008114 1.26733e-16
5942.69273576 1.31232e-16
5944.87539038 1.37046e-16
5947.058045 1.39608e-16
5949.24069962 1.3366e-16
5951.42335423 1.3613e-16
5953.60600885 1.31919e-16
5955.78866347 1.29071e-16
5957.97131809 1.31491e-16
5960.15397271 1.35628e-16
5962.33662733 1.38651e-16
5964.51928195 1.33405e-16
5966.70193657 1.29009e-16
5968.88459119 1.29124e-16
5971.06724581 1.29828e-16
5973.24990043 1.28776e-16
5975.43255505 1.27163e-16
5977.61520967 1.30487e-16
5979.79786428 1.34379e-16
5981.9805189 1.2929e-16
5984.16317352 1.31667e-16
5986.34582814 1.34749e-16
5988.52848276 1.29024e-16
5990.71113738 1.29094e-16
5992.893792 1.36438e-16
5995.07644662 1.385e-16
5997.25910124 1.34871e-16
5999.44175586 1.33007e-16
6001.62441048 1.36113e-16
6003.8070651 1.36851e-16
6005.98971972 1.27615e-16
6008.17237433 1.30104e-16
6010.35502895 1.27485e-16
6012.53768357 1.24599e-16
6014.72033819 1.25739e-16
6016.90299281 1.23563e-16
6019.08564743 1.30444e-16
6021.26830205 1.33358e-16
6023.45095667 1.25985e-16
6025.63361129 1.32677e-16
6027.81626591 1.26135e-16
6029.99892053 1.31135e-16
6032.18157515 1.31834e-16
6034.36422976 1.26749e-16
6036.54688438 1.30807e-16
6038.729539 1.35142e-16
6040.91219362 1.26169e-16
6043.09484824 1.21929e-16
6045.27750286 1.22028e-16
6047.46015748 1.26557e-16
6049.6428121 1.24243e-16
6051.82546672 1.15931e-16
6054.00812134 1.19219e-16
6056.19077596 1.24347e-16
6058.37343058 1.22561e-16
6060.5560852 1.21672e-16
6062.73873981 1.28023e-16
6064.92139443 1.2812e-16
6067.10404905 1.28922e-16
6069.28670367 1.2689e-16
6071.46935829 1.27712e-16
6073.65201291 1.26669e-16
6075.83466753 1.28379e-16
6078.01732215 1.30782e-16
6080.19997677 1.25651e-16
6082.38263139 1.22196e-16
6084.56528601 1.26852e-16
6086.74794063 1.31039e-16
6088.93059525 1.17977e-16
6091.11324986 1.19056e-16
6093.29590448 1.28324e-16
6095.4785591 1.2374e-16
6097.66121372 1.21281e-16
6099.84386834 1.26222e-16
6102.02652296 1.26878e-16
6104.20917758 1.23091e-16
6106.3918322 1.22456e-16
6108.57448682 1.23705e-16
6110.75714144 1.21752e-16
6112.93979606 1.22339e-16
6115.12245068 1.30606e-16
6117.3051053 1.26316e-16
6119.48775991 1.24278e-16
6121.67041453 1.31665e-16
6123.85306915 1.33206e-16
6126.03572377 1.24977e-16
6128.21837839 1.22419e-16
6130.40103301 1.19737e-16
6132.58368763 1.14881e-16
6134.76634225 1.21412e-16
6136.94899687 1.14586e-16
6139.13165149 1.195e-16
6141.31430611 1.2438e-16
6143.49696073 1.23862e-16
6145.67961534 1.24602e-16
6147.86226996 1.23018e-16
6150.04492458 1.30063e-16
6152.2275792 1.2143e-16
6154.41023382 1.19945e-16
6156.59288844 1.24175e-16
6158.77554306 1.21455e-16
6160.95819768 1.12377e-16
6163.1408523 1.10089e-16
6165.32350692 1.19166e-16
6167.50616154 1.25716e-16
6169.68881616 1.24345e-16
6171.87147078 1.18833e-16
6174.05412539 1.2057e-16
6176.23678001 1.26379e-16
6178.41943463 1.2387e-16
6180.60208925 1.19723e-16
6182.78474387 1.26159e-16
6184.96739849 1.27906e-16
6187.15005311 1.21876e-16
6189.33270773 1.20373e-16
6191.51536235 1.23876e-16
6193.69801697 1.19991e-16
6195.88067159 1.15344e-16
6198.06332621 1.19664e-16
6200.24598083 1.25993e-16
6202.42863544 1.20741e-16
6204.61129006 1.19577e-16
6206.79394468 1.23742e-16
6208.9765993 1.23911e-16
6211.15925392 1.25449e-16
6213.34190854 1.31868e-16
6215.52456316 1.23973e-16
6217.70721778 1.27548e-16
6219.8898724 1.28059e-16
6222.07252702 1.26688e-16
6224.25518164 1.28742e-16
6226.43783626 1.26136e-16
6228.62049088 1.18289e-16
6230.80314549 1.29255e-16
6232.98580011 1.26276e-16
6235.16845473 1.21427e-16
6237.35110935 1.19726e-16
6239.53376397 1.21769e-16
6241.71641859 1.18637e-16
6243.89907321 1.1297e-16
6246.08172783 1.1878e-16
6248.26438245 1.23314e-16
6250.44703707 1.23463e-16
6252.62969169 1.20601e-16
6254.81234631 1.31285e-16
6256.99500093 1.169e-16
6259.17765554 1.05307e-16
6261.36031016 1.13757e-16
6263.54296478 1.18181e-16
6265.7256194 1.16113e-16
6267.90827402 1.23306e-16
6270.09092864 1.27683e-16
6272.27358326 1.21537e-16
6274.45623788 1.15078e-16
6276.6388925 1.22274e-16
6278.82154712 1.19629e-16
6281.00420174 1.13239e-16
6283.18685636 1.18402e-16
6285.36951097 1.25136e-16
6287.55216559 1.2378e-16
6289.73482021 1.25616e-16
6291.91747483 1.27834e-16
6294.10012945 1.12828e-16
6296.28278407 1.16212e-16
6298.46543869 1.2123e-16
6300.64809331 1.20163e-16
6302.83074793 1.18844e-16
6305.01340255 1.19084e-16
6307.19605717 1.22158e-16
6309.37871179 1.25971e-16
6311.56136641 1.21032e-16
6313.74402102 1.20636e-16
6315.92667564 1.27152e-16
6318.10933026 1.22565e-16
6320.29198488 1.22073e-16
6322.4746395 1.26858e-16
6324.65729412 1.21886e-16
6326.83994874 1.25085e-16
6329.02260336 1.24684e-16
6331.20525798 1.21769e-16
6333.3879126 1.2559e-16
6335.57056722 1.28183e-16
6337.75322184 1.21473e-16
6339.93587646 1.17736e-16
6342.11853107 1.16526e-16
6344.30118569 1.18234e-16
6346.48384031 1.1941e-16
6348.66649493 1.23159e-16
6350.84914955 1.22192e-16
6353.03180417 1.22548e-16
6355.21445879 1.31107e-16
6357.39711341 1.26576e-16
6359.57976803 1.25955e-16
6361.76242265 1.24966e-16
6363.94507727 1.25919e-16
6366.12773189 1.2378e-16
6368.31038651 1.1834e-16
6370.49304112 1.2997e-16
6372.67569574 1.25996e-16
6374.85835036 1.27803e-16
6377.04100498 1.25717e-16
6379.2236596 1.26537e-16
6381.40631422 1.22636e-16
6383.58896884 1.19832e-16
6385.77162346 1.20135e-16
6387.95427808 1.17704e-16
6390.1369327 1.16764e-16
6392.31958732 1.17399e-16
6394.50224194 1.23137e-16
6396.68489655 1.17385e-16
6398.86755117 1.24822e-16
6401.05020579 1.17797e-16
6403.23286041 1.16001e-16
6405.41551503 1.24992e-16
6407.59816965 1.25346e-16
6409.78082427 1.26536e-16
6411.96347889 1.32726e-16
6414.14613351 1.30796e-16
6416.32878813 1.26206e-16
6418.51144275 1.27428e-16
6420.69409737 1.25662e-16
6422.87675199 1.2813e-16
6425.0594066 1.22432e-16
6427.24206122 1.25021e-16
6429.42471584 1.24603e-16
6431.60737046 1.17862e-16
6433.79002508 1.1713e-16
6435.9726797 1.22938e-16
6438.15533432 1.20866e-16
6440.33798894 1.16371e-16
6442.52064356 1.20473e-16
6444.70329818 1.17626e-16
6446.8859528 1.17322e-16
6449.06860742 1.217e-16
6451.25126204 1.20543e-16
6453.43391665 1.272e-16
6455.61657127 1.27034e-16
6457.79922589 1.19056e-16
6459.98188051 1.12075e-16
6462.16453513 1.13578e-16
6464.34718975 1.15972e-16
6466.52984437 1.21854e-16
6468.71249899 1.29178e-16
6470.89515361 1.26339e-16
6473.07780823 1.21363e-16
6475.26046285 1.1993e-16
6477.44311747 1.11825e-16
6479.62577209 1.13284e-16
6481.8084267 1.20175e-16
6483.99108132 1.18038e-16
6486.17373594 1.18049e-16
6488.35639056 1.14068e-16
6490.53904518 1.13759e-16
6492.7216998 1.13524e-16
6494.90435442 1.15946e-16
6497.08700904 1.25277e-16
6499.26966366 1.19356e-16
6501.45231828 1.16004e-16
6503.6349729 1.1946e-16
6505.81762752 1.29768e-16
6508.00028213 1.23236e-16
6510.18293675 1.12683e-16
6512.36559137 1.30435e-16
6514.54824599 1.23879e-16
6516.73090061 1.21178e-16
6518.91355523 1.21835e-16
6521.09620985 1.22931e-16
6523.27886447 1.19759e-16
6525.46151909 1.15866e-16
6527.64417371 1.23344e-16
6529.82682833 1.20921e-16
6532.00948295 1.2833e-16
6534.19213757 1.24602e-16
6536.37479218 1.21514e-16
6538.5574468 1.20578e-16
6540.74010142 1.20795e-16
6542.92275604 1.35369e-16
6545.10541066 1.21957e-16
6547.28806528 1.21161e-16
6549.4707199 1.25004e-16
6551.65337452 1.28671e-16
6553.83602914 1.29334e-16
6556.01868376 1.22138e-16
6558.20133838 1.21622e-16
6560.383993 1.2464e-16
6562.56664762 1.13531e-16
6564.74930223 1.15387e-16
6566.93195685 1.1815e-16
6569.11461147 1.25691e-16
6571.29726609 1.24603e-16
6573.47992071 1.31875e-16
6575.66257533 1.39225e-16
6577.84522995 1.34544e-16
6580.02788457 1.31184e-16
6582.21053919 1.32939e-16
6584.39319381 1.28346e-16
6586.57584843 1.2606e-16
6588.75850305 1.22253e-16
6590.94115767 1.18358e-16
6593.12381228 1.18865e-16
6595.3064669 1.08236e-16
6597.48912152 9.80706e-17
6599.67177614 1.04528e-16
6601.85443076 1.12937e-16
6604.03708538 1.12414e-16
6606.21974 1.17035e-16
6608.40239462 1.09622e-16
6610.58504924 1.2127e-16
6612.76770386 1.27065e-16
6614.95035848 1.3243e-16
6617.1330131 1.28766e-16
6619.31566772 1.24013e-16
6621.49832233 1.26177e-16
6623.68097695 1.19793e-16
6625.86363157 1.2101e-16
6628.04628619 1.27295e-16
6630.22894081 1.30068e-16
6632.41159543 1.21389e-16
6634.59425005 1.27462e-16
6636.77690467 1.25953e-16
6638.95955929 1.32798e-16
6641.14221391 1.32332e-16
6643.32486853 1.24686e-16
6645.50752315 1.23957e-16
6647.69017776 1.2153e-16
6649.87283238 1.26364e-16
6652.055487 1.3193e-16
6654.23814162 1.31697e-16
6656.42079624 1.39284e-16
6658.60345086 1.36393e-16
6660.78610548 1.29177e-16
6662.9687601 1.32813e-16
6665.15141472 1.2571e-16
6667.33406934 1.29991e-16
6669.51672396 1.33649e-16
6671.69937858 1.26181e-16
6673.8820332 1.34797e-16
6676.06468781 1.35995e-16
6678.24734243 1.25207e-16
6680.42999705 1.33102e-16
6682.61265167 1.37824e-16
6684.79530629 1.3301e-16
6686.97796091 1.23283e-16
6689.16061553 1.30929e-16
6691.34327015 1.31633e-16
6693.52592477 1.22412e-16
6695.70857939 1.28767e-16
6697.89123401 1.21711e-16
6700.07388863 1.24257e-16
6702.25654325 1.25658e-16
6704.43919786 1.25942e-16
6706.62185248 1.32329e-16
6708.8045071 1.29055e-16
6710.98716172 1.23681e-16
6713.16981634 1.27728e-16
6715.35247096 1.2608e-16
6717.53512558 1.27501e-16
6719.7177802 1.28468e-16
6721.90043482 1.25007e-16
6724.08308944 1.2176e-16
6726.26574406 1.3035e-16
6728.44839868 1.27117e-16
6730.6310533 1.17348e-16
6732.81370791 1.18613e-16
6734.99636253 1.25287e-16
6737.17901715 1.21608e-16
6739.36167177 1.21607e-16
6741.54432639 1.24926e-16
6743.72698101 1.25737e-16
6745.90963563 1.22508e-16
6748.09229025 1.15749e-16
6750.27494487 1.22853e-16
6752.45759949 1.24328e-16
6754.64025411 1.24388e-16
6756.82290873 1.23492e-16
6759.00556334 1.24534e-16
6761.18821796 1.2921e-16
6763.37087258 1.24096e-16
6765.5535272 1.23898e-16
6767.73618182 1.19459e-16
6769.91883644 1.20221e-16
6772.10149106 1.27537e-16
6774.28414568 1.27792e-16
6776.4668003 1.24668e-16
6778.64945492 1.21733e-16
6780.83210954 1.25388e-16
6783.01476416 1.28244e-16
6785.19741878 1.26456e-16
6787.38007339 1.2534e-16
6789.56272801 1.26743e-16
6791.74538263 1.2312e-16
6793.92803725 1.1695e-16
6796.11069187 1.20552e-16
6798.29334649 1.25622e-16
6800.47600111 1.18587e-16
6802.65865573 1.1891e-16
6804.84131035 1.23594e-16
6807.02396497 1.18384e-16
6809.20661959 1.17122e-16
6811.38927421 1.16156e-16
6813.57192883 1.17728e-16
6815.75458344 1.18655e-16
6817.93723806 1.18386e-16
6820.11989268 1.18207e-16
6822.3025473 1.20752e-16
6824.48520192 1.22986e-16
6826.66785654 1.19032e-16
6828.85051116 1.20973e-16
6831.03316578 1.19283e-16
6833.2158204 1.16661e-16
6835.39847502 1.16305e-16
6837.58112964 1.16512e-16
6839.76378426 1.1644e-16
6841.94643888 1.21065e-16
6844.12909349 1.23662e-16
6846.31174811 1.24993e-16
6848.49440273 1.24104e-16
6850.67705735 1.21631e-16
6852.85971197 1.21593e-16
6855.04236659 1.19595e-16
6857.22502121 1.11074e-16
6859.40767583 1.21531e-16
6861.59033045 1.20748e-16
6863.77298507 1.08381e-16
6865.95563969 1.00539e-16
6868.13829431 9.13355e-17
6870.32094892 7.87537e-17
6872.50360354 8.34129e-17
6874.68625816 8.24144e-17
6876.86891278 8.78313e-17
6879.0515674 1.00994e-16
6881.23422202 1.02235e-16
6883.41687664 1.0483e-16
6885.59953126 1.06414e-16
6887.78218588 1.0168e-16
6889.9648405 9.95123e-17
6892.14749512 1.04477e-16
6894.33014974 9.80222e-17
6896.51280436 1.07472e-16
6898.69545897 1.07186e-16
6900.87811359 1.03376e-16
6903.06076821 1.02665e-16
6905.24342283 1.03258e-16
6907.42607745 1.03765e-16
6909.60873207 1.07322e-16
6911.79138669 1.08798e-16
6913.97404131 1.08909e-16
6916.15669593 1.13693e-16
6918.33935055 1.11648e-16
6920.52200517 1.17306e-16
6922.70465979 1.13671e-16
6924.88731441 1.07209e-16
6927.06996902 1.16079e-16
6929.25262364 1.11267e-16
6931.43527826 1.07786e-16
6933.61793288 1.14601e-16
6935.8005875 1.12246e-16
6937.98324212 1.05821e-16
6940.16589674 1.13007e-16
6942.34855136 1.11579e-16
6944.53120598 1.11882e-16
6946.7138606 1.1583e-16
6948.89651522 1.22828e-16
6951.07916984 1.19107e-16
6953.26182446 1.09683e-16
6955.44447907 1.21987e-16
6957.62713369 1.19838e-16
6959.80978831 1.09037e-16
6961.99244293 1.09362e-16
6964.17509755 1.07244e-16
6966.35775217 1.18684e-16
6968.54040679 1.21458e-16
6970.72306141 1.24568e-16
6972.90571603 1.26969e-16
6975.08837065 1.26449e-16
6977.27102527 1.06338e-16
6979.45367989 1.13274e-16
6981.63633451 1.17989e-16
6983.81898912 1.22912e-16
6986.00164374 1.17145e-16
6988.18429836 1.23634e-16
6990.36695298 1.198e-16
6992.5496076 1.10879e-16
6994.73226222 1.13859e-16
6996.91491684 1.16935e-16
6999.09757146 1.11709e-16
7001.28022608 1.18538e-16
7003.4628807 1.13862e-16
7005.64553532 1.15731e-16
7007.82818994 1.09145e-16
7010.01084455 1.16803e-16
7012.19349917 1.17089e-16
7014.37615379 1.22003e-16
7016.55880841 1.17009e-16
7018.74146303 1.1662e-16
7020.92411765 1.16438e-16
7023.10677227 1.17309e-16
7025.28942689 1.21798e-16
7027.47208151 1.23635e-16
7029.65473613 1.20796e-16
7031.83739075 1.26525e-16
7034.02004537 1.16375e-16
7036.20269999 1.21902e-16
7038.3853546 1.23439e-16
7040.56800922 1.18569e-16
7042.75066384 1.27163e-16
7044.93331846 1.2294e-16
7047.11597308 1.19728e-16
7049.2986277 1.24727e-16
7051.48128232 1.19383e-16
7053.66393694 1.1185e-16
7055.84659156 1.14302e-16
7058.02924618 1.1989e-16
7060.2119008 1.22713e-16
7062.39455542 1.22592e-16
7064.57721004 1.27971e-16
7066.75986465 1.20652e-16
7068.94251927 1.24461e-16
7071.12517389 1.26473e-16
7073.30782851 1.19719e-16
7075.49048313 1.19708e-16
7077.67313775 1.18272e-16
7079.85579237 1.22137e-16
7082.03844699 1.16584e-16
7084.22110161 1.15229e-16
7086.40375623 1.2509e-16
7088.58641085 1.18079e-16
7090.76906547 1.14583e-16
7092.95172009 1.26579e-16
7095.1343747 1.25408e-16
7097.31702932 1.19599e-16
7099.49968394 1.22932e-16
7101.68233856 1.21656e-16
7103.86499318 1.20534e-16
7106.0476478 1.23513e-16
7108.23030242 1.23989e-16
7110.41295704 1.20565e-16
7112.59561166 1.21085e-16
7114.77826628 1.21608e-16
7116.9609209 1.13014e-16
7119.14357552 1.15546e-16
7121.32623013 1.20953e-16
7123.50888475 1.23567e-16
7125.69153937 1.17487e-16
7127.87419399 1.06717e-16
7130.05684861 1.09912e-16
7132.23950323 1.14538e-16
7134.42215785 1.25428e-16
7136.60481247 1.18207e-16
7138.78746709 1.18792e-16
7140.97012171 1.24106e-16
7143.15277633 1.14928e-16
7145.33543095 1.0902e-16
7147.51808557 1.14564e-16
7149.70074018 1.22355e-16
7151.8833948 1.15994e-16
7154.06604942 1.14303e-16
7156.24870404 1.2406e-16
7158.43135866 1.18114e-16
7160.61401328 1.16769e-16
7162.7966679 1.14026e-16
7164.97932252 1.23715e-16
7167.16197714 1.18213e-16
7169.34463176 1.06204e-16
7171.52728638 1.06118e-16
7173.709941 1.03782e-16
7175.89259562 1.02069e-16
7178.07525023 9.99815e-17
7180.25790485 9.70642e-17
7182.44055947 9.86363e-17
7184.62321409 9.15009e-17
7186.80586871 9.83829e-17
7188.98852333 1.02301e-16
7191.17117795 9.96768e-17
7193.35383257 9.35369e-17
7195.53648719 1.04658e-16
7197.71914181 1.05243e-16
7199.90179643 1.002e-16
7202.08445105 1.01042e-16
7204.26710567 1.03731e-16
7206.44976028 1.08341e-16
7208.6324149 1.13148e-16
7210.81506952 1.12065e-16
7212.99772414 1.14807e-16
7215.18037876 1.19622e-16
7217.36303338 1.2047e-16
7219.545688 1.24152e-16
7221.72834262 1.23309e-16
7223.91099724 1.29864e-16
7226.09365186 1.18113e-16
7228.27630648 1.16269e-16
7230.4589611 1.16358e-16
7232.64161571 1.0803e-16
7234.82427033 1.12514e-16
7237.00692495 1.12263e-16
7239.18957957 1.06731e-16
7241.37223419 1.08268e-16
7243.55488881 1.22725e-16
7245.73754343 1.18326e-16
7247.92019805 1.15144e-16
7250.10285267 1.19671e-16
7252.28550729 1.09715e-16
7254.46816191 1.13557e-16
7256.65081653 1.23596e-16
7258.83347115 1.23605e-16
7261.01612576 1.36464e-16
7263.19878038 1.19213e-16
7265.381435 1.18817e-16
7267.56408962 1.28971e-16
7269.74674424 1.23651e-16
7271.92939886 1.22052e-16
7274.11205348 1.18916e-16
7276.2947081 1.19972e-16
7278.47736272 1.25351e-16
7280.66001734 1.26745e-16
7282.84267196 1.27072e-16
7285.02532658 1.27657e-16
7287.2079812 1.22042e-16
7289.39063581 1.27129e-16
7291.57329043 1.4279e-16
7293.75594505 1.37772e-16
7295.93859967 1.36293e-16
7298.12125429 1.39926e-16
7300.30390891 1.30624e-16
7302.48656353 1.33863e-16
7304.66921815 1.39862e-16
7306.85187277 1.42654e-16
7309.03452739 1.34929e-16
7311.21718201 1.41445e-16
7313.39983663 1.46658e-16
7315.58249125 1.42342e-16
7317.76514586 1.37395e-16
7319.94780048 1.4524e-16
7322.1304551 1.5063e-16
7324.31310972 1.56474e-16
7326.49576434 1.38967e-16
7328.67841896 1.41365e-16
7330.86107358 1.50196e-16
7333.0437282 1.52895e-16
7335.22638282 1.67572e-16
7337.40903744 1.69488e-16
7339.59169206 1.5852e-16
7341.77434668 1.51216e-16
7343.9570013 1.47169e-16
7346.13965591 1.51042e-16
7348.32231053 1.83925e-16
7350.50496515 2.28711e-16
7352.68761977 2.58946e-16
7354.87027439 2.51765e-16
7357.05292901 2.18647e-16
7359.23558363 1.89097e-16
7361.41823825 1.6617e-16
7363.60089287 1.54499e-16
7365.78354749 1.4704e-16
7367.96620211 1.57238e-16
7370.14885673 1.65926e-16
7372.33151134 1.77878e-16
7374.51416596 2.06861e-16
7376.69682058 2.0844e-16
7378.8794752 2.02749e-16
7381.06212982 1.85033e-16
7383.24478444 1.6331e-16
7385.42743906 1.54021e-16
7387.61009368 1.48653e-16
7389.7927483 1.49054e-16
7391.97540292 1.50604e-16
7394.15805754 1.60832e-16
7396.34071216 1.61647e-16
7398.52336678 1.58962e-16
7400.70602139 1.56929e-16
7402.88867601 1.46376e-16
7405.07133063 1.49946e-16
7407.25398525 1.53673e-16
7409.43663987 1.58979e-16
7411.61929449 1.67171e-16
7413.80194911 1.67777e-16
7415.98460373 1.58219e-16
7418.16725835 1.53678e-16
7420.34991297 1.64198e-16
7422.53256759 1.59721e-16
7424.71522221 1.59329e-16
7426.89787683 1.49072e-16
7429.08053144 1.57604e-16
7431.26318606 1.55234e-16
7433.44584068 1.58053e-16
7435.6284953 1.54261e-16
7437.81114992 1.6142e-16
7439.99380454 1.55713e-16
7442.17645916 1.50492e-16
7444.35911378 1.59878e-16
7446.5417684 1.64374e-16
7448.72442302 1.55525e-16
7450.90707764 1.62678e-16
7453.08973226 1.65768e-16
7455.27238688 1.52629e-16
7457.45504149 1.68231e-16
7459.63769611 1.58921e-16
7461.82035073 1.49077e-16
7464.00300535 1.46618e-16
7466.18565997 1.51321e-16
7468.36831459 1.44551e-16
7470.55096921 1.38529e-16
7472.73362383 1.41258e-16
7474.91627845 1.5366e-16
7477.09893307 1.50808e-16
7479.28158769 1.40791e-16
7481.46424231 1.53639e-16
7483.64689692 1.45079e-16
7485.82955154 1.38139e-16
7488.01220616 1.45383e-16
7490.19486078 1.38003e-16
7492.3775154 1.36719e-16
7494.56017002 1.38325e-16
7496.74282464 1.3636e-16
7498.92547926 1.3658e-16
7501.10813388 1.48669e-16
7503.2907885 1.4237e-16
7505.47344312 1.41718e-16
7507.65609774 1.36102e-16
7509.83875236 1.31351e-16
7512.02140697 1.33236e-16
7514.20406159 1.36548e-16
7516.38671621 1.3286e-16
7518.56937083 1.35602e-16
7520.75202545 1.50203e-16
7522.93468007 1.35593e-16
7525.11733469 1.37423e-16
7527.29998931 1.39347e-16
7529.48264393 1.25999e-16
7531.66529855 1.25187e-16
7533.84795317 1.21026e-16
7536.03060779 1.22818e-16
7538.21326241 1.30993e-16
7540.39591702 1.29363e-16
7542.57857164 1.38207e-16
7544.76122626 1.43529e-16
7546.94388088 1.3051e-16
7549.1265355 1.19719e-16
7551.30919012 1.21657e-16
7553.49184474 1.1787e-16
7555.67449936 1.1611e-16
7557.85715398 1.22705e-16
7560.0398086 1.25157e-16
7562.22246322 1.20107e-16
7564.40511784 1.09342e-16
7566.58777246 1.09048e-16
7568.77042707 1.14369e-16
7570.95308169 1.14997e-16
7573.13573631 1.14227e-16
7575.31839093 1.1312e-16
7577.50104555 1.09299e-16
7579.68370017 1.12317e-16
7581.86635479 1.17065e-16
7584.04900941 1.19061e-16
7586.23166403 1.21367e-16
7588.41431865 1.19403e-16
7590.59697327 1.08051e-16
7592.77962789 8.25056e-17
7594.96228251 6.91531e-17
7597.14493712 5.20223e-17
7599.32759174 3.94488e-17
7601.51024636 2.97043e-17
7603.69290098 2.79353e-17
7605.8755556 3.10021e-17
7608.05821022 3.07509e-17
7610.24086484 3.88232e-17
7612.42351946 4.72029e-17
7614.60617408 6.6361e-17
7616.7888287 8.47079e-17
7618.97148332 7.67809e-17
7621.15413794 7.50072e-17
7623.33679255 7.66425e-17
7625.51944717 5.99797e-17
7627.70210179 6.25775e-17
7629.88475641 6.4932e-17
7632.06741103 5.38178e-17
7634.25006565 6.61171e-17
7636.43272027 6.5335e-17
7638.61537489 6.44743e-17
7640.79802951 7.46977e-17
7642.98068413 7.66183e-17
7645.16333875 8.22295e-17
7647.34599337 8.20619e-17
7649.52864799 8.59909e-17
7651.7113026 7.95577e-17
7653.89395722 1.0328e-16
7656.07661184 1.05661e-16
7658.25926646 1.054e-16
7660.44192108 1.01519e-16
7662.6245757 1.08144e-16
7664.80723032 1.04633e-16
7666.98988494 1.02841e-16
7669.17253956 1.04563e-16
7671.35519418 9.62482e-17
7673.5378488 1.05293e-16
7675.72050342 1.06214e-16
7677.90315804 1.19285e-16
7680.08581265 1.13245e-16
7682.26846727 1.07195e-16
7684.45112189 1.18266e-16
7686.63377651 1.14126e-16
7688.81643113 1.08011e-16
7690.99908575 1.35111e-16
7693.18174037 1.21955e-16
7695.36439499 1.1971e-16
7697.54704961 1.33396e-16
7699.72970423 1.27362e-16
7701.91235885 1.2016e-16
7704.09501347 1.20324e-16
7706.27766809 1.3327e-16
7708.4603227 1.26662e-16
7710.64297732 1.35023e-16
7712.82563194 1.37321e-16
7715.00828656 1.21289e-16
7717.19094118 1.0966e-16
7719.3735958 1.22851e-16
7721.55625042 1.31765e-16
7723.73890504 1.27825e-16
7725.92155966 1.26461e-16
7728.10421428 1.22608e-16
7730.2868689 1.22734e-16
7732.46952352 1.25136e-16
7734.65217813 1.28793e-16
7736.83483275 1.32442e-16
7739.01748737 1.2054e-16
7741.20014199 1.26158e-16
7743.38279661 1.3143e-16
7745.56545123 1.19996e-16
7747.74810585 1.24562e-16
7749.93076047 1.28701e-16
7752.11341509 1.29789e-16
7754.29606971 1.29964e-16
7756.47872433 1.30165e-16
7758.66137895 1.28668e-16
7760.84403357 1.29104e-16
7763.02668818 1.25873e-16
7765.2093428 1.21418e-16
7767.39199742 1.27631e-16
7769.57465204 1.32897e-16
7771.75730666 1.29134e-16
7773.93996128 1.32595e-16
7776.1226159 1.21867e-16
7778.30527052 1.26323e-16
7780.48792514 1.19616e-16
7782.67057976 1.21396e-16
7784.85323438 1.27255e-16
7787.035889 1.31806e-16
7789.21854362 1.27299e-16
7791.40119823 1.11916e-16
7793.58385285 1.42951e-16
7795.76650747 1.29617e-16
7797.94916209 1.26229e-16
7800.13181671 1.28611e-16
7802.31447133 1.23602e-16
7804.49712595 1.36228e-16
7806.67978057 1.38737e-16
7808.86243519 1.30375e-16
7811.04508981 1.31421e-16
7813.22774443 1.33541e-16
7815.41039905 1.48377e-16
7817.59305367 1.39336e-16
7819.77570828 1.40778e-16
7821.9583629 1.28221e-16
7824.14101752 1.30903e-16
7826.32367214 1.34024e-16
7828.50632676 1.24075e-16
7830.68898138 1.28224e-16
7832.871636 1.23662e-16
7835.05429062 1.22535e-16
7837.23694524 1.1789e-16
7839.41959986 1.21289e-16
7841.60225448 1.26377e-16
7843.7849091 1.29933e-16
7845.96756371 1.21959e-16
7848.15021833 1.26001e-16
7850.33287295 1.23029e-16
7852.51552757 1.29491e-16
7854.69818219 1.46154e-16
7856.88083681 1.2504e-16
7859.06349143 1.23449e-16
7861.24614605 1.16427e-16
7863.42880067 1.1826e-16
7865.61145529 1.19534e-16
7867.79410991 1.34933e-16
7869.97676453 1.40533e-16
7872.15941915 1.31055e-16
7874.34207376 1.15168e-16
7876.52472838 1.23573e-16
7878.707383 1.35227e-16
7880.89003762 1.28077e-16
7883.07269224 1.29008e-16
7885.25534686 1.14819e-16
7887.43800148 1.18077e-16
7889.6206561 1.15332e-16
7891.80331072 1.24646e-16
7893.98596534 1.32617e-16
7896.16861996 1.17378e-16
7898.35127458 1.18073e-16
7900.5339292 1.22616e-16
7902.71658381 1.16538e-16
7904.89923843 1.23136e-16
7907.08189305 1.24343e-16
7909.26454767 1.23432e-16
7911.44720229 1.2977e-16
7913.62985691 1.21048e-16
7915.81251153 1.10725e-16
7917.99516615 1.10062e-16
7920.17782077 1.19244e-16
7922.36047539 1.20377e-16
7924.54313001 1.07737e-16
7926.72578463 1.0871e-16
7928.90843925 1.28509e-16
7931.09109386 1.21882e-16
7933.27374848 1.13706e-16
7935.4564031 1.15313e-16
7937.63905772 1.13444e-16
7939.82171234 1.2636e-16
7942.00436696 1.22081e-16
7944.18702158 1.14202e-16
7946.3696762 1.12122e-16
7948.55233082 1.1292e-16
7950.73498544 1.10889e-16
7952.91764006 1.10423e-16
7955.10029468 9.84379e-17
7957.2829493 1.01061e-16
7959.46560391 1.10286e-16
7961.64825853 1.13315e-16
7963.83091315 9.98665e-17
7966.01356777 1.09893e-16
7968.19622239 1.28015e-16
7970.37887701 1.16996e-16
7972.56153163 1.16148e-16
7974.74418625 1.26598e-16
7976.92684087 1.22349e-16
7979.10949549 1.26343e-16
7981.29215011 1.16727e-16
7983.47480473 1.09505e-16
7985.65745934 1.0851e-16
7987.84011396 1.02114e-16
7990.02276858 1.15359e-16
7992.2054232 1.1574e-16
7994.38807782 1.33267e-16
