#z 0.074
3541.82 5.62775e-16
3544.00265462 5.47084e-16
3546.18530924 5.85746e-16
3548.36796386 5.59613e-16
3550.55061848 5.7304e-16
3552.7332731 5.46357e-16
3554.91592772 5.60707e-16
3557.09858233 5.62111e-16
3559.28123695 5.55655e-16
3561.46389157 5.73576e-16
3563.64654619 5.40631e-16
3565.82920081 5.64343e-16
3568.01185543 5.70106e-16
3570.19451005 5.91025e-16
3572.37716467 5.67877e-16
3574.55981929 5.63186e-16
3576.74247391 5.48087e-16
3578.92512853 5.65718e-16
3581.10778315 5.86422e-16
3583.29043777 5.79964e-16
3585.47309238 5.50509e-16
3587.655747 5.6354e-16
3589.83840162 5.70437e-16
3592.02105624 5.67213e-16
3594.20371086 5.59226e-16
3596.38636548 5.34067e-16
3598.5690201 5.54787e-16
3600.75167472 5.55535e-16
3602.93432934 5.33914e-16
3605.11698396 5.44667e-16
3607.29963858 5.41384e-16
3609.4822932 5.39531e-16
3611.66494781 5.52562e-16
3613.84760243 5.50064e-16
3616.03025705 5.70423e-16
3618.21291167 5.50548e-16
3620.39556629 5.50308e-16
3622.57822091 5.18764e-16
3624.76087553 5.13251e-16
3626.94353015 5.0464e-16
3629.12618477 5.31151e-16
3631.30883939 5.39582e-16
3633.49149401 5.33272e-16
3635.67414863 5.14789e-16
3637.85680325 5.36676e-16
3640.03945786 5.48438e-16
3642.22211248 5.20205e-16
3644.4047671 5.00912e-16
3646.58742172 5.3059e-16
3648.77007634 5.40818e-16
3650.95273096 5.30342e-16
3653.13538558 5.40834e-16
3655.3180402 5.21401e-16
3657.50069482 5.21616e-16
3659.68334944 5.20337e-16
3661.86600406 5.30519e-16
3664.04865868 5.412e-16
3666.2313133 5.08413e-16
3668.41396791 4.87037e-16
3670.59662253 5.02927e-16
3672.77927715 5.34604e-16
3674.96193177 5.05978e-16
3677.14458639 5.164e-16
3679.32724101 5.32778e-16
3681.50989563 5.28953e-16
3683.69255025 5.12038e-16
3685.87520487 5.18499e-16
3688.05785949 5.12334e-16
3690.24051411 5.20059e-16
3692.42316873 5.18966e-16
3694.60582335 4.93046e-16
3696.78847796 4.77742e-16
3698.97113258 4.9256e-16
3701.1537872 5.07882e-16
3703.33644182 4.74022e-16
3705.51909644 4.71668e-16
3707.70175106 4.93441e-16
3709.88440568 5.00349e-16
3712.0670603 5.03358e-16
3714.24971492 4.94882e-16
3716.43236954 4.80889e-16
3718.61502416 4.8804e-16
3720.79767878 4.88007e-16
3722.9803334 4.65647e-16
3725.16298801 4.87426e-16
3727.34564263 5.12464e-16
3729.52829725 5.10157e-16
3731.71095187 5.07562e-16
3733.89360649 4.95809e-16
3736.07626111 4.84176e-16
3738.25891573 4.95214e-16
3740.44157035 4.99264e-16
3742.62422497 4.89178e-16
3744.80687959 5.0522e-16
3746.98953421 4.7223e-16
3749.17218883 4.84786e-16
3751.35484344 4.94588e-16
3753.53749806 5.01722e-16
3755.72015268 4.94607e-16
3757.9028073 4.81412e-16
3760.08546192 4.84919e-16
3762.26811654 4.55528e-16
3764.45077116 4.39705e-16
3766.63342578 4.93695e-16
3768.8160804 4.68523e-16
3770.99873502 4.5947e-16
3773.18138964 4.91313e-16
3775.36404426 4.78355e-16
3777.54669888 4.95966e-16
3779.72935349 4.56321e-16
3781.91200811 4.58972e-16
3784.09466273 4.6078e-16
3786.27731735 4.72917e-16
3788.45997197 4.8241e-16
3790.64262659 4.7104e-16
3792.82528121 4.77416e-16
3795.00793583 4.71766e-16
3797.19059045 4.86544e-16
3799.37324507 4.81441e-16
3801.55589969 4.71837e-16
3803.73855431 4.70567e-16
3805.92120893 4.6106e-16
3808.10386354 4.46471e-16
3810.28651816 4.38871e-16
3812.46917278 4.62497e-16
3814.6518274 4.44767e-16
3816.83448202 4.57597e-16
3819.01713664 4.55374e-16
3821.19979126 4.48624e-16
3823.38244588 4.77769e-16
3825.5651005 4.65774e-16
3827.74775512 4.5791e-16
3829.93040974 4.57196e-16
3832.11306436 4.42159e-16
3834.29571898 4.48265e-16
3836.47837359 4.54946e-16
3838.66102821 4.4053e-16
3840.84368283 4.54814e-16
3843.02633745 4.34848e-16
3845.20899207 4.42541e-16
3847.39164669 4.49266e-16
3849.57430131 4.41829e-16
3851.75695593 4.34121e-16
3853.93961055 4.49675e-16
3856.12226517 4.54243e-16
3858.30491979 4.47918e-16
3860.48757441 4.2788e-16
3862.67022902 4.39298e-16
3864.85288364 4.64649e-16
3867.03553826 4.66759e-16
3869.21819288 4.428e-16
3871.4008475 4.31352e-16
3873.58350212 4.40503e-16
3875.76615674 4.20434e-16
3877.94881136 4.13245e-16
3880.13146598 4.34002e-16
3882.3141206 4.37354e-16
3884.49677522 4.50701e-16
3886.67942984 4.38914e-16
3888.86208446 4.5461e-16
3891.04473907 4.50421e-16
3893.22739369 4.3845e-16
3895.41004831 4.50023e-16
3897.59270293 4.47723e-16
3899.77535755 4.41002e-16
3901.95801217 4.49601e-16
3904.14066679 4.37027e-16
3906.32332141 4.31398e-16
3908.50597603 4.32836e-16
3910.68863065 4.08944e-16
3912.87128527 4.22519e-16
3915.05393989 4.40404e-16
3917.23659451 4.15862e-16
3919.41924912 4.23194e-16
3921.60190374 4.36836e-16
3923.78455836 4.38867e-16
3925.96721298 4.54857e-16
3928.1498676 4.36677e-16
3930.33252222 4.1909e-16
3932.51517684 4.21479e-16
3934.69783146 4.17278e-16
3936.88048608 4.13107e-16
3939.0631407 4.20193e-16
3941.24579532 4.30292e-16
3943.42844994 4.31688e-16
3945.61110456 4.18481e-16
3947.79375917 4.26107e-16
3949.97641379 4.44742e-16
3952.15906841 4.39785e-16
3954.34172303 4.21412e-16
3956.52437765 4.30692e-16
3958.70703227 4.14205e-16
3960.88968689 4.20036e-16
3963.07234151 4.35896e-16
3965.25499613 4.10259e-16
3967.43765075 4.08832e-16
3969.62030537 4.06427e-16
3971.80295999 4.05995e-16
3973.9856146 4.04458e-16
3976.16826922 4.17203e-16
3978.35092384 4.29965e-16
3980.53357846 4.31025e-16
3982.71623308 3.98057e-16
3984.8988877 3.99321e-16
3987.08154232 4.00092e-16
3989.26419694 4.15101e-16
3991.44685156 4.14755e-16
3993.62950618 4.12044e-16
3995.8121608 4.10047e-16
3997.99481542 4.17339e-16
4000.17747004 4.44113e-16
4002.36012465 4.28839e-16
4004.54277927 3.98428e-16
4006.72543389 4.1613e-16
4008.90808851 4.00138e-16
4011.09074313 4.04284e-16
4013.27339775 3.95856e-16
4015.45605237 3.9297e-16
4017.63870699 4.08237e-16
4019.82136161 4.04589e-16
4022.00401623 4.1183e-16
4024.18667085 3.99633e-16
4026.36932547 4.14464e-16
4028.55198009 4.07851e-16
4030.7346347 4.29029e-16
4032.91728932 3.97292e-16
4035.09994394 3.87352e-16
4037.28259856 4.17029e-16
4039.46525318 4.16366e-16
4041.6479078 3.93349e-16
4043.83056242 4.06665e-16
4046.01321704 3.88489e-16
4048.19587166 3.83552e-16
4050.37852628 3.72748e-16
4052.5611809 3.83117e-16
4054.74383552 4.07571e-16
4056.92649014 3.93258e-16
4059.10914475 3.9546e-16
4061.29179937 4.16918e-16
4063.47445399 3.99381e-16
4065.65710861 3.89318e-16
4067.83976323 3.96309e-16
4070.02241785 3.96692e-16
4072.20507247 3.8448e-16
4074.38772709 3.80109e-16
4076.57038171 3.47252e-16
4078.75303633 3.69518e-16
4080.93569095 3.93346e-16
4083.11834557 3.99235e-16
4085.30100019 3.91961e-16
4087.4836548 3.85883e-16
4089.66630942 4.0907e-16
4091.84896404 3.96847e-16
4094.03161866 3.95698e-16
4096.21427328 3.81068e-16
4098.3969279 3.89198e-16
4100.57958252 3.91444e-16
4102.76223714 3.90896e-16
4104.94489176 3.59098e-16
4107.12754638 3.52821e-16
4109.310201 3.68267e-16
4111.49285562 3.55082e-16
4113.67551023 3.5408e-16
4115.85816485 3.65711e-16
4118.04081947 3.46233e-16
4120.22347409 3.48095e-16
4122.40612871 3.58309e-16
4124.58878333 3.68941e-16
4126.77143795 3.81374e-16
4128.95409257 3.67807e-16
4131.13674719 3.62522e-16
4133.31940181 3.61186e-16
4135.50205643 3.81523e-16
4137.68471105 3.8313e-16
4139.86736567 3.65145e-16
4142.05002028 3.65499e-16
4144.2326749 3.59149e-16
4146.41532952 3.64516e-16
4148.59798414 3.69894e-16
4150.78063876 3.76586e-16
4152.96329338 3.84833e-16
4155.145948 3.76747e-16
4157.32860262 3.67429e-16
4159.51125724 3.76082e-16
4161.69391186 3.66261e-16
4163.87656648 3.58959e-16
4166.0592211 3.55663e-16
4168.24187572 3.55464e-16
4170.42453033 3.6852e-16
4172.60718495 3.61855e-16
4174.78983957 3.48086e-16
4176.97249419 3.50926e-16
4179.15514881 3.50249e-16
4181.33780343 3.60365e-16
4183.52045805 3.73231e-16
4185.70311267 3.67591e-16
4187.88576729 3.67141e-16
4190.06842191 3.75329e-16
4192.25107653 3.75912e-16
4194.43373115 3.62009e-16
4196.61638577 3.58196e-16
4198.79904038 3.58381e-16
4200.981695 3.79108e-16
4203.16434962 3.66041e-16
4205.34700424 3.46194e-16
4207.52965886 3.5474e-16
4209.71231348 3.54399e-16
4211.8949681 3.59061e-16
4214.07762272 3.48995e-16
4216.26027734 3.52833e-16
4218.44293196 3.40727e-16
4220.62558658 3.38713e-16
4222.8082412 3.42557e-16
4224.99089581 3.34999e-16
4227.17355043 3.35672e-16
4229.35620505 3.44395e-16
4231.53885967 3.48003e-16
4233.72151429 3.37107e-16
4235.90416891 3.53921e-16
4238.08682353 3.67104e-16
4240.26947815 3.59908e-16
4242.45213277 3.48277e-16
4244.63478739 3.50562e-16
4246.81744201 3.52807e-16
4249.00009663 3.62437e-16
4251.18275125 3.52526e-16
4253.36540586 3.40314e-16
4255.54806048 3.43511e-16
4257.7307151 3.28784e-16
4259.91336972 3.19628e-16
4262.09602434 3.22544e-16
4264.27867896 3.32543e-16
4266.46133358 3.57595e-16
4268.6439882 3.4508e-16
4270.82664282 3.36494e-16
4273.00929744 3.32421e-16
4275.19195206 3.6183e-16
4277.37460668 3.55434e-16
4279.5572613 3.44992e-16
4281.73991591 3.58073e-16
4283.92257053 3.45087e-16
4286.10522515 3.66303e-16
4288.28787977 3.60094e-16
4290.47053439 3.53974e-16
4292.65318901 3.67836e-16
4294.83584363 3.5186e-16
4297.01849825 3.60347e-16
4299.20115287 3.49147e-16
4301.38380749 3.54709e-16
4303.56646211 3.65054e-16
4305.74911673 3.70304e-16
4307.93177135 3.46513e-16
4310.11442596 3.5322e-16
4312.29708058 3.49167e-16
4314.4797352 3.72109e-16
4316.66238982 3.65307e-16
4318.84504444 3.58711e-16
4321.02769906 3.5102e-16
4323.21035368 3.55108e-16
4325.3930083 3.60231e-16
4327.57566292 3.42685e-16
4329.75831754 3.55668e-16
4331.94097216 3.70188e-16
4334.12362678 3.78116e-16
4336.30628139 3.63313e-16
4338.48893601 3.381e-16
4340.67159063 3.52484e-16
4342.85424525 3.51333e-16
4345.03689987 3.6056e-16
4347.21955449 3.43421e-16
4349.40220911 3.39536e-16
4351.58486373 3.51337e-16
4353.76751835 3.61793e-16
4355.95017297 3.45703e-16
4358.13282759 3.50088e-16
4360.31548221 3.51727e-16
4362.49813683 3.43107e-16
4364.68079144 3.51239e-16
4366.86344606 3.48104e-16
4369.04610068 3.40625e-16
4371.2287553 3.46671e-16
4373.41140992 3.40527e-16
4375.59406454 3.30445e-16
4377.77671916 3.48613e-16
4379.95937378 3.52419e-16
4382.1420284 3.44496e-16
4384.32468302 3.41998e-16
4386.50733764 3.42567e-16
4388.68999226 3.44261e-16
4390.87264688 3.46597e-16
4393.05530149 3.37865e-16
4395.23795611 3.40107e-16
4397.42061073 3.40239e-16
4399.60326535 3.2651e-16
4401.78591997 3.23624e-16
4403.96857459 3.2867e-16
4406.15122921 3.23646e-16
4408.33388383 3.2196e-16
4410.51653845 3.33703e-16
4412.69919307 3.39691e-16
4414.88184769 3.32728e-16
4417.06450231 3.32239e-16
4419.24715693 3.32665e-16
4421.42981154 3.34063e-16
4423.61246616 3.25386e-16
4425.79512078 3.25067e-16
4427.9777754 3.33183e-16
4430.16043002 3.30697e-16
4432.34308464 3.19644e-16
4434.52573926 3.14846e-16
4436.70839388 3.25258e-16
4438.8910485 3.28786e-16
4441.07370312 3.28204e-16
4443.25635774 3.16875e-16
4445.43901236 3.14579e-16
4447.62166698 3.23843e-16
4449.80432159 3.16713e-16
4451.98697621 3.14911e-16
4454.16963083 3.1661e-16
4456.35228545 3.17787e-16
4458.53494007 3.18515e-16
4460.71759469 3.22166e-16
4462.90024931 3.26104e-16
4465.08290393 3.23431e-16
4467.26555855 3.16606e-16
4469.44821317 3.19499e-16
4471.63086779 3.15405e-16
4473.81352241 3.22044e-16
4475.99617702 3.21922e-16
4478.17883164 3.01021e-16
4480.36148626 3.22751e-16
4482.54414088 3.23411e-16
4484.7267955 3.18656e-16
4486.90945012 3.2243e-16
4489.09210474 3.29911e-16
4491.27475936 3.18826e-16
4493.45741398 3.29532e-16
4495.6400686 3.19636e-16
4497.82272322 3.19467e-16
4500.00537784 3.18016e-16
4502.18803246 3.14451e-16
4504.37068707 2.76921e-16
4506.55334169 3.03559e-16
4508.73599631 3.25803e-16
4510.91865093 3.23913e-16
4513.10130555 3.23854e-16
4515.28396017 3.1712e-16
4517.46661479 3.19173e-16
4519.64926941 3.17162e-16
4521.83192403 3.15464e-16
4524.01457865 3.14408e-16
4526.19723327 3.209e-16
4528.37988789 3.11018e-16
4530.56254251 3.08915e-16
4532.74519712 3.11908e-16
4534.92785174 3.15424e-16
4537.11050636 3.17536e-16
4539.29316098 3.072e-16
4541.4758156 3.04452e-16
4543.65847022 3.08866e-16
4545.84112484 3.34143e-16
4548.02377946 3.28976e-16
4550.20643408 3.12458e-16
4552.3890887 3.16029e-16
4554.57174332 3.26441e-16
4556.75439794 3.09167e-16
4558.93705256 3.0268e-16
4561.11970717 3.23883e-16
4563.30236179 3.17359e-16
4565.48501641 3.17772e-16
4567.66767103 3.02681e-16
4569.85032565 2.97384e-16
4572.03298027 3.14174e-16
4574.21563489 3.21032e-16
4576.39828951 3.2027e-16
4578.58094413 3.10411e-16
4580.76359875 3.03571e-16
4582.94625337 3.07473e-16
4585.12890799 3.02363e-16
4587.3115626 3.11576e-16
4589.49421722 3.14021e-16
4591.67687184 2.95488e-16
4593.85952646 3.118e-16
4596.04218108 3.18728e-16
4598.2248357 3.22406e-16
4600.40749032 3.15738e-16
4602.59014494 3.13768e-16
4604.77279956 3.13788e-16
4606.95545418 3.04871e-16
4609.1381088 3.05195e-16
4611.32076342 3.06384e-16
4613.50341804 3.04536e-16
4615.68607265 2.96438e-16
4617.86872727 2.83778e-16
4620.05138189 2.95852e-16
4622.23403651 3.08225e-16
4624.41669113 3.08585e-16
4626.59934575 3.0926e-16
4628.78200037 3.05173e-16
4630.96465499 3.06519e-16
4633.14730961 3.09719e-16
4635.32996423 3.14323e-16
4637.51261885 3.18642e-16
4639.69527347 3.12735e-16
4641.87792809 2.99211e-16
4644.0605827 3.08392e-16
4646.24323732 3.03535e-16
4648.42589194 3.08316e-16
4650.60854656 3.08894e-16
4652.79120118 3.03131e-16
4654.9738558 3.03139e-16
4657.15651042 3.00539e-16
4659.33916504 3.0846e-16
4661.52181966 3.11549e-16
4663.70447428 3.04736e-16
4665.8871289 3.11617e-16
4668.06978352 3.20936e-16
4670.25243814 3.12516e-16
4672.43509275 3.09505e-16
4674.61774737 3.0595e-16
4676.80040199 3.03643e-16
4678.98305661 3.11119e-16
4681.16571123 3.28804e-16
4683.34836585 3.11781e-16
4685.53102047 3.15897e-16
4687.71367509 3.18434e-16
4689.89632971 3.04279e-16
4692.07898433 3.15924e-16
4694.26163895 3.11077e-16
4696.44429357 2.91803e-16
4698.62694818 3.03387e-16
4700.8096028 3.07591e-16
4702.99225742 3.09182e-16
4705.17491204 3.01204e-16
4707.35756666 3.05672e-16
4709.54022128 3.17265e-16
4711.7228759 3.09804e-16
4713.90553052 3.02726e-16
4716.08818514 3.12879e-16
4718.27083976 3.06879e-16
4720.45349438 3.06171e-16
4722.636149 3.07344e-16
4724.81880362 2.87911e-16
4727.00145823 2.93485e-16
4729.18411285 3.05335e-16
4731.36676747 3.01103e-16
4733.54942209 3.1091e-16
4735.73207671 3.06696e-16
4737.91473133 3.08082e-16
4740.09738595 3.14002e-16
4742.28004057 3.15175e-16
4744.46269519 3.08904e-16
4746.64534981 2.93896e-16
4748.82800443 3.01465e-16
4751.01065905 3.07121e-16
4753.19331367 2.96392e-16
4755.37596828 3.15869e-16
4757.5586229 3.09414e-16
4759.74127752 3.06865e-16
4761.92393214 2.97202e-16
4764.10658676 2.95312e-16
4766.28924138 2.89957e-16
4768.471896 2.89374e-16
4770.65455062 2.93145e-16
4772.83720524 2.83365e-16
4775.01985986 2.96446e-16
4777.20251448 2.98268e-16
4779.3851691 2.81235e-16
4781.56782372 2.88528e-16
4783.75047833 2.84028e-16
4785.93313295 2.93504e-16
4788.11578757 2.81945e-16
4790.29844219 2.9118e-16
4792.48109681 2.94503e-16
4794.66375143 2.99692e-16
4796.84640605 2.84576e-16
4799.02906067 2.76973e-16
4801.21171529 2.77857e-16
4803.39436991 2.87424e-16
4805.57702453 2.78898e-16
4807.75967915 2.81089e-16
4809.94233377 2.76646e-16
4812.12498838 2.78184e-16
4814.307643 2.67933e-16
4816.49029762 2.66331e-16
4818.67295224 2.72367e-16
4820.85560686 2.85051e-16
4823.03826148 2.94811e-16
4825.2209161 2.69975e-16
4827.40357072 2.80454e-16
4829.58622534 2.80204e-16
4831.76887996 2.75778e-16
4833.95153458 2.71341e-16
4836.1341892 2.80874e-16
4838.31684381 2.87498e-16
4840.49949843 2.78468e-16
4842.68215305 2.64097e-16
4844.86480767 2.8672e-16
4847.04746229 2.76183e-16
4849.23011691 2.72087e-16
4851.41277153 2.76148e-16
4853.59542615 2.87109e-16
4855.77808077 2.60135e-16
4857.96073539 2.74581e-16
4860.14339001 2.75554e-16
4862.32604463 2.81215e-16
4864.50869925 2.79854e-16
4866.69135386 2.78427e-16
4868.87400848 2.69113e-16
4871.0566631 2.71479e-16
4873.23931772 2.81486e-16
4875.42197234 2.80107e-16
4877.60462696 2.76331e-16
4879.78728158 2.85451e-16
4881.9699362 2.82294e-16
4884.15259082 2.8069e-16
4886.33524544 2.78536e-16
4888.51790006 2.68981e-16
4890.70055468 2.80825e-16
4892.8832093 2.89582e-16
4895.06586391 2.7329e-16
4897.24851853 2.7918e-16
4899.43117315 2.83812e-16
4901.61382777 2.83602e-16
4903.79648239 2.74444e-16
4905.97913701 2.73393e-16
4908.16179163 2.73053e-16
4910.34444625 2.73753e-16
4912.52710087 2.78586e-16
4914.70975549 2.7249e-16
4916.89241011 2.77348e-16
4919.07506473 2.8714e-16
4921.25771935 2.77662e-16
4923.44037396 2.76813e-16
4925.62302858 2.7659e-16
4927.8056832 2.76916e-16
4929.98833782 2.75992e-16
4932.17099244 2.64778e-16
4934.35364706 2.75054e-16
4936.53630168 2.8255e-16
4938.7189563 2.80119e-16
4940.90161092 2.84057e-16
4943.08426554 2.77824e-16
4945.26692016 2.78324e-16
4947.44957478 2.70057e-16
4949.63222939 2.67147e-16
4951.81488401 2.7402e-16
4953.99753863 2.76287e-16
4956.18019325 2.72163e-16
4958.36284787 2.71454e-16
4960.54550249 2.65617e-16
4962.72815711 2.74761e-16
4964.91081173 2.79078e-16
4967.09346635 2.70523e-16
4969.27612097 2.68701e-16
4971.45877559 2.76227e-16
4973.64143021 2.78083e-16
4975.82408483 2.71068e-16
4978.00673944 2.68761e-16
4980.18939406 2.61373e-16
4982.37204868 2.69523e-16
4984.5547033 2.74738e-16
4986.73735792 2.7646e-16
4988.92001254 2.63724e-16
4991.10266716 2.64199e-16
4993.28532178 2.67787e-16
4995.4679764 2.76955e-16
4997.65063102 2.80531e-16
4999.83328564 2.62727e-16
5002.01594026 2.65028e-16
5004.19859488 2.53432e-16
5006.38124949 2.57875e-16
5008.56390411 2.5915e-16
5010.74655873 2.70209e-16
5012.92921335 2.58526e-16
5015.11186797 2.60758e-16
5017.29452259 2.68583e-16
5019.47717721 2.63371e-16
5021.65983183 2.56976e-16
5023.84248645 2.54615e-16
5026.02514107 2.65469e-16
5028.20779569 2.56541e-16
5030.39045031 2.63318e-16
5032.57310493 2.65303e-16
5034.75575954 2.55915e-16
5036.93841416 2.5484e-16
5039.12106878 2.60002e-16
5041.3037234 2.69247e-16
5043.48637802 2.64611e-16
5045.66903264 2.61354e-16
5047.85168726 2.66949e-16
5050.03434188 2.5249e-16
5052.2169965 2.54391e-16
5054.39965112 2.6692e-16
5056.58230574 2.63382e-16
5058.76496036 2.59207e-16
5060.94761497 2.67475e-16
5063.13026959 2.55503e-16
5065.31292421 2.58474e-16
5067.49557883 2.61009e-16
5069.67823345 2.61991e-16
5071.86088807 2.68579e-16
5074.04354269 2.56813e-16
5076.22619731 2.66534e-16
5078.40885193 2.5949e-16
5080.59150655 2.57422e-16
5082.77416117 2.66669e-16
5084.95681579 2.6575e-16
5087.13947041 2.60393e-16
5089.32212502 2.55471e-16
5091.50477964 2.58381e-16
5093.68743426 2.64457e-16
5095.87008888 2.50835e-16
5098.0527435 2.56707e-16
5100.23539812 2.5895e-16
5102.41805274 2.54224e-16
5104.60070736 2.56953e-16
5106.78336198 2.57258e-16
5108.9660166 2.562e-16
5111.14867122 2.56548e-16
5113.33132584 2.59524e-16
5115.51398046 2.47461e-16
5117.69663507 2.4973e-16
5119.87928969 2.57352e-16
5122.06194431 2.41696e-16
5124.24459893 2.6418e-16
5126.42725355 2.63824e-16
5128.60990817 2.65828e-16
5130.79256279 2.55652e-16
5132.97521741 2.45482e-16
5135.15787203 2.47622e-16
5137.34052665 2.48392e-16
5139.52318127 2.46406e-16
5141.70583589 2.58154e-16
5143.88849051 2.61811e-16
5146.07114512 2.62344e-16
5148.25379974 2.55329e-16
5150.43645436 2.51967e-16
5152.61910898 2.63903e-16
5154.8017636 2.61027e-16
5156.98441822 2.62901e-16
5159.16707284 2.61468e-16
5161.34972746 2.51654e-16
5163.53238208 2.49825e-16
5165.7150367 2.59239e-16
5167.89769132 2.67022e-16
5170.08034594 2.60147e-16
5172.26300056 2.57696e-16
5174.44565517 2.57527e-16
5176.62830979 2.62839e-16
5178.81096441 2.62363e-16
5180.99361903 2.59072e-16
5183.17627365 2.7087e-16
5185.35892827 2.65877e-16
5187.54158289 2.63303e-16
5189.72423751 2.56918e-16
5191.90689213 2.50891e-16
5194.08954675 2.60165e-16
5196.27220137 2.52993e-16
5198.45485599 2.56812e-16
5200.6375106 2.64069e-16
5202.82016522 2.5329e-16
5205.00281984 2.32818e-16
5207.18547446 2.37721e-16
5209.36812908 2.46131e-16
5211.5507837 2.54166e-16
5213.73343832 2.42328e-16
5215.91609294 2.47674e-16
5218.09874756 2.44168e-16
5220.28140218 2.42686e-16
5222.4640568 2.36336e-16
5224.64671142 2.38344e-16
5226.82936604 2.51626e-16
5229.01202065 2.56376e-16
5231.19467527 2.42229e-16
5233.37732989 2.43906e-16
5235.55998451 2.4725e-16
5237.74263913 2.51185e-16
5239.92529375 2.43864e-16
5242.10794837 2.38252e-16
5244.29060299 2.40383e-16
5246.47325761 2.38972e-16
5248.65591223 2.4708e-16
5250.83856685 2.43495e-16
5253.02122147 2.35516e-16
5255.20387609 2.50051e-16
5257.3865307 2.5877e-16
5259.56918532 2.51359e-16
5261.75183994 2.49667e-16
5263.93449456 2.41624e-16
5266.11714918 2.47883e-16
5268.2998038 2.54518e-16
5270.48245842 2.48514e-16
5272.66511304 2.42497e-16
5274.84776766 2.52043e-16
5277.03042228 2.48559e-16
5279.2130769 2.44467e-16
5281.39573152 2.38082e-16
5283.57838614 2.27306e-16
5285.76104075 2.29087e-16
5287.94369537 2.49202e-16
5290.12634999 2.48737e-16
5292.30900461 2.34252e-16
5294.49165923 2.26097e-16
5296.67431385 2.36069e-16
5298.85696847 2.48487e-16
5301.03962309 2.36813e-16
5303.22227771 2.3326e-16
5305.40493233 2.24779e-16
5307.58758695 2.41781e-16
5309.77024157 2.46134e-16
5311.95289618 2.42097e-16
5314.1355508 2.49734e-16
5316.31820542 2.41654e-16
5318.50086004 2.28611e-16
5320.68351466 2.33132e-16
5322.86616928 2.44493e-16
5325.0488239 2.39985e-16
5327.23147852 2.37011e-16
5329.41413314 2.37416e-16
5331.59678776 2.42028e-16
5333.77944238 2.4129e-16
5335.962097 2.28692e-16
5338.14475162 2.34089e-16
5340.32740623 2.35202e-16
5342.51006085 2.33722e-16
5344.69271547 2.32799e-16
5346.87537009 2.38377e-16
5349.05802471 2.33188e-16
5351.24067933 2.34648e-16
5353.42333395 2.30421e-16
5355.60598857 2.27362e-16
5357.78864319 2.42275e-16
5359.97129781 2.40286e-16
5362.15395243 2.37035e-16
5364.33660705 2.38865e-16
5366.51926167 2.34718e-16
5368.70191628 2.35542e-16
5370.8845709 2.50115e-16
5373.06722552 2.49513e-16
5375.24988014 2.44805e-16
5377.43253476 2.44678e-16
5379.61518938 2.40239e-16
5381.797844 2.3675e-16
5383.98049862 2.39229e-16
5386.16315324 2.30189e-16
5388.34580786 2.26942e-16
5390.52846248 2.39974e-16
5392.7111171 2.36954e-16
5394.89377172 2.45273e-16
5397.07642633 2.33447e-16
5399.25908095 2.2898e-16
5401.44173557 2.36083e-16
5403.62439019 2.2931e-16
5405.80704481 2.25159e-16
5407.98969943 2.27204e-16
5410.17235405 2.3689e-16
5412.35500867 2.39318e-16
5414.53766329 2.45928e-16
5416.72031791 2.38693e-16
5418.90297253 2.31877e-16
5421.08562715 2.41631e-16
5423.26828176 2.35384e-16
5425.45093638 2.38041e-16
5427.633591 2.32589e-16
5429.81624562 2.40442e-16
5431.99890024 2.39818e-16
5434.18155486 2.37038e-16
5436.36420948 2.3573e-16
5438.5468641 2.30987e-16
5440.72951872 2.20872e-16
5442.91217334 2.26843e-16
5445.09482796 2.29153e-16
5447.27748258 2.30643e-16
5449.4601372 2.36359e-16
5451.64279181 2.34478e-16
5453.82544643 2.31899e-16
5456.00810105 2.37274e-16
5458.19075567 2.32567e-16
5460.37341029 2.29906e-16
5462.55606491 2.30799e-16
5464.73871953 2.32716e-16
5466.92137415 2.26665e-16
5469.10402877 2.34224e-16
5471.28668339 2.25292e-16
5473.46933801 2.19899e-16
5475.65199263 2.2435e-16
5477.83464725 2.17788e-16
5480.01730186 2.2569e-16
5482.19995648 2.32622e-16
5484.3826111 2.25089e-16
5486.56526572 2.33489e-16
5488.74792034 2.30149e-16
5490.93057496 2.37862e-16
5493.11322958 2.31427e-16
5495.2958842 2.19999e-16
5497.47853882 2.31927e-16
5499.66119344 2.28756e-16
5501.84384806 2.33146e-16
5504.02650268 2.22067e-16
5506.2091573 2.22822e-16
5508.39181191 2.28354e-16
5510.57446653 2.33887e-16
5512.75712115 2.31672e-16
5514.93977577 2.29237e-16
5517.12243039 2.29179e-16
5519.30508501 2.21424e-16
5521.48773963 2.18367e-16
5523.67039425 2.20528e-16
5525.85304887 2.2656e-16
5528.03570349 2.18847e-16
5530.21835811 2.21891e-16
5532.40101273 2.21046e-16
5534.58366735 2.15321e-16
5536.76632196 2.17195e-16
5538.94897658 2.13284e-16
5541.1316312 2.08275e-16
5543.31428582 2.16774e-16
5545.49694044 2.12641e-16
5547.67959506 2.08518e-16
5549.86224968 2.00784e-16
5552.0449043 2.01446e-16
5554.22755892 2.13223e-16
5556.41021354 2.09927e-16
5558.59286816 2.19206e-16
5560.77552278 2.15061e-16
5562.95817739 2.16538e-16
5565.14083201 2.12691e-16
5567.32348663 2.04778e-16
5569.50614125 2.06174e-16
5571.68879587 2.09359e-16
5573.87145049 2.14128e-16
5576.05410511 2.18665e-16
5578.23675973 2.2008e-16
5580.41941435 2.25723e-16
5582.60206897 1.93338e-16
5584.78472359 2.04578e-16
5586.96737821 2.13373e-16
5589.15003283 2.07363e-16
5591.33268744 2.10741e-16
5593.51534206 2.05154e-16
5595.69799668 2.0418e-16
5597.8806513 2.03664e-16
5600.06330592 2.03327e-16
5602.24596054 2.00095e-16
5604.42861516 2.12206e-16
5606.61126978 2.12581e-16
5608.7939244 2.01906e-16
5610.97657902 2.06988e-16
5613.15923364 2.00138e-16
5615.34188826 2.11836e-16
5617.52454288 2.09697e-16
5619.70719749 2.10777e-16
5621.88985211 2.09472e-16
5624.07250673 2.04637e-16
5626.25516135 2.05167e-16
5628.43781597 2.01208e-16
5630.62047059 2.02119e-16
5632.80312521 1.98893e-16
5634.98577983 2.07036e-16
5637.16843445 2.02534e-16
5639.35108907 1.97535e-16
5641.53374369 2.07139e-16
5643.71639831 2.04609e-16
5645.89905293 1.99477e-16
5648.08170754 1.9497e-16
5650.26436216 1.95486e-16
5652.44701678 1.90493e-16
5654.6296714 1.90406e-16
5656.81232602 1.8791e-16
5658.99498064 1.86633e-16
5661.17763526 1.92717e-16
5663.36028988 1.98618e-16
5665.5429445 1.97513e-16
5667.72559912 1.91754e-16
5669.90825374 1.84738e-16
5672.09090836 1.94324e-16
5674.27356297 1.94627e-16
5676.45621759 1.9323e-16
5678.63887221 2.01832e-16
5680.82152683 1.95064e-16
5683.00418145 1.9733e-16
5685.18683607 1.90225e-16
5687.36949069 2.04378e-16
5689.55214531 1.91471e-16
5691.73479993 1.93513e-16
5693.91745455 2.1371e-16
5696.10010917 2.05356e-16
5698.28276379 2.03058e-16
5700.46541841 2.07187e-16
5702.64807302 2.00353e-16
5704.83072764 1.97164e-16
5707.01338226 2.04159e-16
5709.19603688 2.10282e-16
5711.3786915 2.0249e-16
5713.56134612 1.8933e-16
5715.74400074 1.92663e-16
5717.92665536 2.03685e-16
5720.10930998 1.98814e-16
5722.2919646 1.85655e-16
5724.47461922 1.88348e-16
5726.65727384 1.94265e-16
5728.83992846 1.95997e-16
5731.02258307 1.99905e-16
5733.20523769 1.90368e-16
5735.38789231 1.91947e-16
5737.57054693 1.88137e-16
5739.75320155 1.93244e-16
5741.93585617 1.96831e-16
5744.11851079 1.93082e-16
5746.30116541 2.00924e-16
5748.48382003 2.03427e-16
5750.66647465 2.04301e-16
5752.84912927 1.95394e-16
5755.03178389 1.93429e-16
5757.21443851 1.88504e-16
5759.39709312 1.97203e-16
5761.57974774 1.8982e-16
5763.76240236 1.81156e-16
5765.94505698 1.82864e-16
5768.1277116 1.82777e-16
5770.31036622 1.88709e-16
5772.49302084 1.92973e-16
5774.67567546 1.82289e-16
5776.85833008 1.86789e-16
5779.0409847 1.84047e-16
5781.22363932 1.8066e-16
5783.40629394 1.86557e-16
5785.58894855 1.93882e-16
5787.77160317 1.86431e-16
5789.95425779 1.781e-16
5792.13691241 1.79502e-16
5794.31956703 1.83918e-16
5796.50222165 1.88409e-16
5798.68487627 1.83632e-16
5800.86753089 1.90999e-16
5803.05018551 1.90822e-16
5805.23284013 1.79168e-16
5807.41549475 1.8342e-16
5809.59814937 1.91611e-16
5811.78080399 1.88775e-16
5813.9634586 1.90692e-16
5816.14611322 1.90574e-16
5818.32876784 1.84475e-16
5820.51142246 1.81673e-16
5822.69407708 1.82076e-16
5824.8767317 1.84749e-16
5827.05938632 1.88599e-16
5829.24204094 1.88271e-16
5831.42469556 1.85855e-16
5833.60735018 1.80849e-16
5835.7900048 1.82928e-16
5837.97265942 1.82788e-16
5840.15531404 1.80212e-16
5842.33796865 1.75681e-16
5844.52062327 1.82916e-16
5846.70327789 1.83767e-16
5848.88593251 1.80116e-16
5851.06858713 1.85132e-16
5853.25124175 1.83021e-16
5855.43389637 1.86824e-16
5857.61655099 1.876e-16
5859.79920561 1.8137e-16
5861.98186023 1.79513e-16
5864.16451485 1.81932e-16
5866.34716947 1.83993e-16
5868.52982409 1.78234e-16
5870.7124787 1.7941e-16
5872.89513332 1.83702e-16
5875.07778794 1.85536e-16
5877.26044256 1.8302e-16
5879.44309718 1.73348e-16
5881.6257518 1.72724e-16
5883.80840642 1.74662e-16
5885.99106104 1.77678e-16
5888.17371566 1.77393e-16
5890.35637028 1.69681e-16
5892.5390249 1.7512e-16
5894.72167952 1.69783e-16
5896.90433414 1.69273e-16
5899.08698875 1.70079e-16
5901.26964337 1.67673e-16
5903.45229799 1.74741e-16
5905.63495261 1.80125e-16
5907.81760723 1.70176e-16
5910.00026185 1.62066e-16
5912.18291647 1.71425e-16
5914.36557109 1.79311e-16
5916.54822571 1.7771e-16
5918.73088033 1.78309e-16
5920.91353495 1.74172e-16
5923.09618957 1.69693e-16
5925.27884418 1.73045e-16
5927.4614988 1.72417e-16
5929.64415342 1.69447e-16
5931.82680804 1.70291e-16
5934.00946266 1.72736e-16
5936.19211728 1.70915e-16
5938.3747719 1.67746e-16
5940.55742652 1.67225e-16
5942.74008114 1.68883e-16
5944.92273576 1.76079e-16
5947.10539038 1.67674e-16
5949.288045 1.6872e-16
5951.47069962 1.74334e-16
5953.65335423 1.80098e-16
5955.83600885 1.73393e-16
5958.01866347 1.63653e-16
5960.20131809 1.66277e-16
5962.38397271 1.66555e-16
5964.56662733 1.69825e-16
5966.74928195 1.63472e-16
5968.93193657 1.73088e-16
5971.11459119 1.74912e-16
5973.29724581 1.6911e-16
5975.47990043 1.63569e-16
5977.66255505 1.64374e-16
5979.84520967 1.70485e-16
5982.02786428 1.65443e-16
5984.2105189 1.69558e-16
5986.39317352 1.72181e-16
5988.57582814 1.6172e-16
5990.75848276 1.71177e-16
5992.94113738 1.7699e-16
5995.123792 1.71787e-16
5997.30644662 1.76687e-16
5999.48910124 1.70095e-16
6001.67175586 1.56764e-16
6003.85441048 1.66657e-16
6006.0370651 1.7221e-16
6008.21971972 1.74782e-16
6010.40237433 1.61661e-16
6012.58502895 1.60709e-16
6014.76768357 1.71226e-16
6016.95033819 1.7146e-16
6019.13299281 1.71314e-16
6021.31564743 1.80749e-16
6023.49830205 1.78924e-16
6025.68095667 1.73422e-16
6027.86361129 1.65036e-16
6030.04626591 1.6432e-16
6032.22892053 1.76964e-16
6034.41157515 1.73431e-16
6036.59422976 1.68435e-16
6038.77688438 1.63914e-16
6040.959539 1.57941e-16
6043.14219362 1.62228e-16
6045.32484824 1.74494e-16
6047.50750286 1.6995e-16
6049.69015748 1.73961e-16
6051.8728121 1.75576e-16
6054.05546672 1.62111e-16
6056.23812134 1.67878e-16
6058.42077596 1.70765e-16
6060.60343058 1.7552e-16
6062.7860852 1.74134e-16
6064.96873981 1.74994e-16
6067.15139443 1.70173e-16
6069.33404905 1.68204e-16
6071.51670367 1.76612e-16
6073.69935829 1.773e-16
6075.88201291 1.68763e-16
6078.06466753 1.71257e-16
6080.24732215 1.6307e-16
6082.42997677 1.70972e-16
6084.61263139 1.793e-16
6086.79528601 1.74033e-16
6088.97794063 1.72478e-16
6091.16059525 1.75784e-16
6093.34324986 1.82059e-16
6095.52590448 1.77392e-16
6097.7085591 1.76762e-16
6099.89121372 1.68594e-16
6102.07386834 1.56526e-16
6104.25652296 1.70605e-16
6106.43917758 1.76027e-16
6108.6218322 1.62467e-16
6110.80448682 1.59155e-16
6112.98714144 1.68299e-16
6115.16979606 1.71989e-16
6117.35245068 1.68302e-16
6119.5351053 1.70044e-16
6121.71775991 1.68926e-16
6123.90041453 1.61883e-16
6126.08306915 1.61001e-16
6128.26572377 1.61207e-16
6130.44837839 1.61241e-16
6132.63103301 1.64198e-16
6134.81368763 1.73394e-16
6136.99634225 1.74217e-16
6139.17899687 1.69317e-16
6141.36165149 1.68721e-16
6143.54430611 1.68164e-16
6145.72696073 1.57651e-16
6147.90961534 1.63505e-16
6150.09226996 1.71928e-16
6152.27492458 1.70483e-16
6154.4575792 1.80676e-16
6156.64023382 1.73364e-16
6158.82288844 1.72767e-16
6161.00554306 1.70866e-16
6163.18819768 1.6647e-16
6165.3708523 1.7258e-16
6167.55350692 1.64645e-16
6169.73616154 1.59243e-16
6171.91881616 1.63093e-16
6174.10147078 1.59983e-16
6176.28412539 1.58081e-16
6178.46678001 1.70989e-16
6180.64943463 1.72662e-16
6182.83208925 1.62585e-16
6185.01474387 1.70425e-16
6187.19739849 1.71512e-16
6189.38005311 1.69824e-16
6191.56270773 1.65411e-16
6193.74536235 1.56848e-16
6195.92801697 1.56048e-16
6198.11067159 1.65388e-16
6200.29332621 1.67059e-16
6202.47598083 1.66514e-16
6204.65863544 1.63214e-16
6206.84129006 1.63348e-16
6209.02394468 1.63872e-16
6211.2065993 1.62511e-16
6213.38925392 1.63008e-16
6215.57190854 1.63968e-16
6217.75456316 1.63617e-16
6219.93721778 1.59299e-16
6222.1198724 1.58251e-16
6224.30252702 1.59666e-16
6226.48518164 1.52628e-16
6228.66783626 1.56276e-16
6230.85049088 1.60389e-16
6233.03314549 1.57499e-16
6235.21580011 1.68307e-16
6237.39845473 1.66681e-16
6239.58110935 1.59873e-16
6241.76376397 1.65401e-16
6243.94641859 1.61388e-16
6246.12907321 1.62902e-16
6248.31172783 1.60457e-16
6250.49438245 1.59122e-16
6252.67703707 1.70304e-16
6254.85969169 1.71369e-16
6257.04234631 1.65202e-16
6259.22500093 1.72772e-16
6261.40765554 1.64247e-16
6263.59031016 1.53829e-16
6265.77296478 1.48529e-16
6267.9556194 1.64574e-16
6270.13827402 1.66449e-16
6272.32092864 1.58341e-16
6274.50358326 1.60555e-16
6276.68623788 1.58626e-16
6278.8688925 1.4919e-16
6281.05154712 1.49312e-16
6283.23420174 1.66359e-16
6285.41685636 1.65358e-16
6287.59951097 1.64514e-16
6289.78216559 1.55619e-16
6291.96482021 1.51378e-16
6294.14747483 1.58982e-16
6296.33012945 1.55004e-16
6298.51278407 1.57594e-16
6300.69543869 1.53249e-16
6302.87809331 1.62047e-16
6305.06074793 1.6444e-16
6307.24340255 1.57541e-16
6309.42605717 1.60228e-16
6311.60871179 1.58906e-16
6313.79136641 1.5605e-16
6315.97402102 1.56464e-16
6318.15667564 1.57068e-16
6320.33933026 1.59871e-16
6322.52198488 1.6569e-16
6324.7046395 1.5777e-16
6326.88729412 1.57567e-16
6329.06994874 1.66518e-16
6331.25260336 1.58079e-16
6333.43525798 1.58255e-16
6335.6179126 1.5925e-16
6337.80056722 1.53252e-16
6339.98322184 1.51196e-16
6342.16587646 1.66685e-16
6344.34853107 1.65776e-16
6346.53118569 1.55698e-16
6348.71384031 1.6348e-16
6350.89649493 1.61007e-16
6353.07914955 1.57997e-16
6355.26180417 1.58542e-16
6357.44445879 1.62412e-16
6359.62711341 1.62538e-16
6361.80976803 1.64598e-16
6363.99242265 1.67399e-16
6366.17507727 1.67416e-16
6368.35773189 1.60982e-16
6370.54038651 1.57036e-16
6372.72304112 1.55812e-16
6374.90569574 1.62535e-16
6377.08835036 1.48969e-16
6379.27100498 1.56065e-16
6381.4536596 1.65878e-16
6383.63631422 1.52924e-16
6385.81896884 1.56678e-16
6388.00162346 1.51583e-16
6390.18427808 1.49623e-16
6392.3669327 1.62492e-16
6394.54958732 1.65285e-16
6396.73224194 1.62008e-16
6398.91489655 1.69857e-16
6401.09755117 1.73935e-16
6403.28020579 1.65654e-16
6405.46286041 1.57614e-16
6407.64551503 1.55541e-16
6409.82816965 1.6202e-16
6412.01082427 1.5973e-16
6414.19347889 1.59651e-16
6416.37613351 1.66286e-16
6418.55878813 1.61569e-16
6420.74144275 1.65926e-16
6422.92409737 1.60367e-16
6425.10675199 1.58514e-16
6427.2894066 1.5307e-16
6429.47206122 1.5064e-16
6431.65471584 1.56484e-16
6433.83737046 1.55015e-16
6436.02002508 1.58503e-16
6438.2026797 1.61059e-16
6440.38533432 1.52937e-16
6442.56798894 1.62669e-16
6444.75064356 1.54847e-16
6446.93329818 1.50918e-16
6449.1159528 1.54655e-16
6451.29860742 1.53795e-16
6453.48126204 1.61944e-16
6455.66391665 1.51691e-16
6457.84657127 1.65661e-16
6460.02922589 1.5751e-16
6462.21188051 1.502e-16
6464.39453513 1.48878e-16
6466.57718975 1.43164e-16
6468.75984437 1.57808e-16
6470.94249899 1.61773e-16
6473.12515361 1.5363e-16
6475.30780823 1.63034e-16
6477.49046285 1.61627e-16
6479.67311747 1.55763e-16
6481.85577209 1.5819e-16
6484.0384267 1.57112e-16
6486.22108132 1.56525e-16
6488.40373594 1.57143e-16
6490.58639056 1.49336e-16
6492.76904518 1.52337e-16
6494.9516998 1.4802e-16
6497.13435442 1.56177e-16
6499.31700904 1.60548e-16
6501.49966366 1.53733e-16
6503.68231828 1.48577e-16
6505.8649729 1.44182e-16
6508.04762752 1.46887e-16
6510.23028213 1.51887e-16
6512.41293675 1.62858e-16
6514.59559137 1.49423e-16
6516.77824599 1.47681e-16
6518.96090061 1.39828e-16
6521.14355523 1.4895e-16
6523.32620985 1.48786e-16
6525.50886447 1.49653e-16
6527.69151909 1.53399e-16
6529.87417371 1.58422e-16
6532.05682833 1.52771e-16
6534.23948295 1.44996e-16
6536.42213757 1.45308e-16
6538.60479218 1.43937e-16
6540.7874468 1.45285e-16
6542.97010142 1.61795e-16
6545.15275604 1.60293e-16
6547.33541066 1.47642e-16
6549.51806528 1.45239e-16
6551.7007199 1.40447e-16
6553.88337452 1.48823e-16
6556.06602914 1.57378e-16
6558.24868376 1.55086e-16
6560.43133838 1.52228e-16
6562.613993 1.42901e-16
6564.79664762 1.50571e-16
6566.97930223 1.58437e-16
6569.16195685 1.58194e-16
6571.34461147 1.54172e-16
6573.52726609 1.61332e-16
6575.70992071 1.57287e-16
6577.89257533 1.54248e-16
6580.07522995 1.5357e-16
6582.25788457 1.5028e-16
6584.44053919 1.45232e-16
6586.62319381 1.48235e-16
6588.80584843 1.58701e-16
6590.98850305 1.44199e-16
6593.17115767 1.56274e-16
6595.35381228 1.56665e-16
6597.5364669 1.58286e-16
6599.71912152 1.52157e-16
6601.90177614 1.48474e-16
6604.08443076 1.48436e-16
6606.26708538 1.53859e-16
6608.44974 1.48753e-16
6610.63239462 1.44691e-16
6612.81504924 1.56726e-16
6614.99770386 1.4781e-16
6617.18035848 1.41834e-16
6619.3630131 1.37672e-16
6621.54566772 1.53446e-16
6623.72832233 1.58722e-16
6625.91097695 1.58945e-16
6628.09363157 1.57666e-16
6630.27628619 1.57634e-16
6632.45894081 1.61691e-16
6634.64159543 1.56068e-16
6636.82425005 1.51804e-16
6639.00690467 1.49982e-16
6641.18955929 1.48594e-16
6643.37221391 1.57746e-16
6645.55486853 1.59667e-16
6647.73752315 1.53863e-16
6649.92017776 1.59373e-16
6652.10283238 1.58547e-16
6654.285487 1.545e-16
6656.46814162 1.51633e-16
6658.65079624 1.53616e-16
6660.83345086 1.53084e-16
6663.01610548 1.56357e-16
6665.1987601 1.56647e-16
6667.38141472 1.59687e-16
6669.56406934 1.48336e-16
6671.74672396 1.59756e-16
6673.92937858 1.59971e-16
6676.1120332 1.59326e-16
6678.29468781 1.61002e-16
6680.47734243 1.57969e-16
6682.65999705 1.52699e-16
6684.84265167 1.55588e-16
6687.02530629 1.5622e-16
6689.20796091 1.51811e-16
6691.39061553 1.67843e-16
6693.57327015 1.6108e-16
6695.75592477 1.60217e-16
6697.93857939 1.54712e-16
6700.12123401 1.55696e-16
6702.30388863 1.56413e-16
6704.48654325 1.55907e-16
6706.66919786 1.49898e-16
6708.85185248 1.46271e-16
6711.0345071 1.49213e-16
6713.21716172 1.48312e-16
6715.39981634 1.52985e-16
6717.58247096 1.50232e-16
6719.76512558 1.53527e-16
6721.9477802 1.55794e-16
6724.13043482 1.51542e-16
6726.31308944 1.46399e-16
6728.49574406 1.56713e-16
6730.67839868 1.55691e-16
6732.8610533 1.49246e-16
6735.04370791 1.54021e-16
6737.22636253 1.45196e-16
6739.40901715 1.53143e-16
6741.59167177 1.56135e-16
6743.77432639 1.49196e-16
6745.95698101 1.47293e-16
6748.13963563 1.48892e-16
6750.32229025 1.57714e-16
6752.50494487 1.55255e-16
6754.68759949 1.53978e-16
6756.87025411 1.5482e-16
6759.05290873 1.48822e-16
6761.23556334 1.53693e-16
6763.41821796 1.60707e-16
6765.60087258 1.47077e-16
6767.7835272 1.44219e-16
6769.96618182 1.5169e-16
6772.14883644 1.52949e-16
6774.33149106 1.53964e-16
6776.51414568 1.50505e-16
6778.6968003 1.50542e-16
6780.87945492 1.45815e-16
6783.06210954 1.50034e-16
6785.24476416 1.666e-16
6787.42741878 1.64996e-16
6789.61007339 1.57397e-16
6791.79272801 1.55659e-16
6793.97538263 1.49798e-16
6796.15803725 1.52841e-16
6798.34069187 1.54495e-16
6800.52334649 1.51858e-16
6802.70600111 1.54848e-16
6804.88865573 1.5481e-16
6807.07131035 1.49519e-16
6809.25396497 1.50225e-16
6811.43661959 1.56014e-16
6813.61927421 1.58378e-16
6815.80192883 1.5463e-16
6817.98458344 1.5157e-16
6820.16723806 1.55205e-16
6822.34989268 1.44909e-16
6824.5325473 1.44772e-16
6826.71520192 1.51646e-16
6828.89785654 1.55098e-16
6831.08051116 1.49389e-16
6833.26316578 1.37886e-16
6835.4458204 1.50874e-16
6837.62847502 1.62956e-16
6839.81112964 1.56903e-16
6841.99378426 1.46951e-16
6844.17643888 1.45766e-16
6846.35909349 1.51263e-16
6848.54174811 1.52809e-16
6850.72440273 1.55227e-16
6852.90705735 1.53051e-16
6855.08971197 1.56019e-16
6857.27236659 1.45196e-16
6859.45502121 1.43981e-16
6861.63767583 1.45788e-16
6863.82033045 1.52611e-16
6866.00298507 1.37517e-16
6868.18563969 1.11792e-16
6870.36829431 1.09879e-16
6872.55094892 1.24753e-16
6874.73360354 1.29202e-16
6876.91625816 1.29923e-16
6879.09891278 1.35438e-16
6881.2815674 1.40221e-16
6883.46422202 1.38727e-16
6885.64687664 1.47639e-16
6887.82953126 1.36923e-16
6890.01218588 1.39228e-16
6892.1948405 1.42024e-16
6894.37749512 1.38284e-16
6896.56014974 1.29237e-16
6898.74280436 1.31937e-16
6900.92545897 1.43762e-16
6903.10811359 1.50122e-16
6905.29076821 1.41024e-16
6907.47342283 1.37469e-16
6909.65607745 1.47064e-16
6911.83873207 1.49402e-16
6914.02138669 1.614e-16
6916.20404131 1.57049e-16
6918.38669593 1.53979e-16
6920.56935055 1.51547e-16
6922.75200517 1.42306e-16
6924.93465979 1.50558e-16
6927.11731441 1.48009e-16
6929.29996902 1.51116e-16
6931.48262364 1.53106e-16
6933.66527826 1.51089e-16
6935.84793288 1.61408e-16
6938.0305875 1.58936e-16
6940.21324212 1.5521e-16
6942.39589674 1.56292e-16
6944.57855136 1.46597e-16
6946.76120598 1.47328e-16
6948.9438606 1.58141e-16
6951.12651522 1.54851e-16
6953.30916984 1.44864e-16
6955.49182446 1.43702e-16
6957.67447907 1.44165e-16
6959.85713369 1.54246e-16
6962.03978831 1.50541e-16
6964.22244293 1.53395e-16
6966.40509755 1.48011e-16
6968.58775217 1.52304e-16
6970.77040679 1.58697e-16
6972.95306141 1.58494e-16
6975.13571603 1.55095e-16
6977.31837065 1.5234e-16
6979.50102527 1.52943e-16
6981.68367989 1.49147e-16
6983.86633451 1.6118e-16
6986.04898912 1.52513e-16
6988.23164374 1.63203e-16
6990.41429836 1.44534e-16
6992.59695298 1.43242e-16
6994.7796076 1.54019e-16
6996.96226222 1.48863e-16
6999.14491684 1.57437e-16
7001.32757146 1.63786e-16
7003.51022608 1.54672e-16
7005.6928807 1.55513e-16
7007.87553532 1.49181e-16
7010.05818994 1.40908e-16
7012.24084455 1.54311e-16
7014.42349917 1.61352e-16
7016.60615379 1.59359e-16
7018.78880841 1.58272e-16
7020.97146303 1.54068e-16
7023.15411765 1.62433e-16
7025.33677227 1.59716e-16
7027.51942689 1.65892e-16
7029.70208151 1.57115e-16
7031.88473613 1.66495e-16
7034.06739075 1.64719e-16
7036.25004537 1.54892e-16
7038.43269999 1.48648e-16
7040.6153546 1.58248e-16
7042.79800922 1.64917e-16
7044.98066384 1.6067e-16
7047.16331846 1.49366e-16
7049.34597308 1.48766e-16
7051.5286277 1.63586e-16
7053.71128232 1.66884e-16
7055.89393694 1.61407e-16
7058.07659156 1.61622e-16
7060.25924618 1.63339e-16
7062.4419008 1.6247e-16
7064.62455542 1.69251e-16
7066.80721004 1.73764e-16
7068.98986465 1.65179e-16
7071.17251927 1.67688e-16
7073.35517389 1.6434e-16
7075.53782851 1.57624e-16
7077.72048313 1.58956e-16
7079.90313775 1.56154e-16
7082.08579237 1.47972e-16
7084.26844699 1.50292e-16
7086.45110161 1.50168e-16
7088.63375623 1.51856e-16
7090.81641085 1.54989e-16
7092.99906547 1.52179e-16
7095.18172009 1.56159e-16
7097.3643747 1.55358e-16
7099.54702932 1.59286e-16
7101.72968394 1.5514e-16
7103.91233856 1.53007e-16
7106.09499318 1.5172e-16
7108.2776478 1.43729e-16
7110.46030242 1.43756e-16
7112.64295704 1.53618e-16
7114.82561166 1.67785e-16
7117.00826628 1.53041e-16
7119.1909209 1.49732e-16
7121.37357552 1.57055e-16
7123.55623013 1.50699e-16
7125.73888475 1.48754e-16
7127.92153937 1.49229e-16
7130.10419399 1.51002e-16
7132.28684861 1.48607e-16
7134.46950323 1.52496e-16
7136.65215785 1.50623e-16
7138.83481247 1.50385e-16
7141.01746709 1.51261e-16
7143.20012171 1.58525e-16
7145.38277633 1.55261e-16
7147.56543095 1.48032e-16
7149.74808557 1.51137e-16
7151.93074018 1.40576e-16
7154.1133948 1.40216e-16
7156.29604942 1.45803e-16
7158.47870404 1.48408e-16
7160.66135866 1.5085e-16
7162.84401328 1.42346e-16
7165.0266679 1.32356e-16
7167.20932252 1.25059e-16
7169.39197714 1.2144e-16
7171.57463176 1.27317e-16
7173.75728638 1.39876e-16
7175.939941 1.31064e-16
7178.12259562 1.21014e-16
7180.30525023 1.22248e-16
7182.48790485 1.28234e-16
7184.67055947 1.17753e-16
7186.85321409 1.21215e-16
7189.03586871 1.23752e-16
7191.21852333 1.16458e-16
7193.40117795 1.19057e-16
7195.58383257 1.22928e-16
7197.76648719 1.29944e-16
7199.94914181 1.26034e-16
7202.13179643 1.26929e-16
7204.31445105 1.23949e-16
7206.49710567 1.32019e-16
7208.67976028 1.32919e-16
7210.8624149 1.32048e-16
7213.04506952 1.39279e-16
7215.22772414 1.34336e-16
7217.41037876 1.36248e-16
7219.59303338 1.4429e-16
7221.775688 1.40561e-16
7223.95834262 1.42339e-16
7226.14099724 1.49961e-16
7228.32365186 1.38743e-16
7230.50630648 1.29971e-16
7232.6889611 1.27661e-16
7234.87161571 1.35387e-16
7237.05427033 1.37755e-16
7239.23692495 1.24507e-16
7241.41957957 1.19657e-16
7243.60223419 1.15765e-16
7245.78488881 1.25534e-16
7247.96754343 1.29967e-16
7250.15019805 1.2175e-16
7252.33285267 1.30472e-16
7254.51550729 1.27408e-16
7256.69816191 1.2686e-16
7258.88081653 1.39152e-16
7261.06347115 1.3844e-16
7263.24612576 1.33274e-16
7265.42878038 1.28017e-16
7267.611435 1.31235e-16
7269.79408962 1.25327e-16
7271.97674424 1.33058e-16
7274.15939886 1.31666e-16
7276.34205348 1.24005e-16
7278.5247081 1.242e-16
7280.70736272 1.33092e-16
7282.89001734 1.3868e-16
7285.07267196 1.34559e-16
7287.25532658 1.3636e-16
7289.4379812 1.19508e-16
7291.62063581 1.2634e-16
7293.80329043 1.32082e-16
7295.98594505 1.22184e-16
7298.16859967 1.25888e-16
7300.35125429 1.39238e-16
7302.53390891 1.32212e-16
7304.71656353 1.36345e-16
7306.89921815 1.36857e-16
7309.08187277 1.29696e-16
7311.26452739 1.36234e-16
7313.44718201 1.29747e-16
7315.62983663 1.36547e-16
7317.81249125 1.4234e-16
7319.99514586 1.39319e-16
7322.17780048 1.28139e-16
7324.3604551 1.28791e-16
7326.54310972 1.45238e-16
7328.72576434 1.38205e-16
7330.90841896 1.26415e-16
7333.09107358 1.35008e-16
7335.2737282 1.3051e-16
7337.45638282 1.27226e-16
7339.63903744 1.21084e-16
7341.82169206 1.32246e-16
7344.00434668 1.39399e-16
7346.1870013 1.41176e-16
7348.36965591 1.41406e-16
7350.55231053 1.24784e-16
7352.73496515 1.22848e-16
7354.91761977 1.31973e-16
7357.10027439 1.39154e-16
7359.28292901 1.41964e-16
7361.46558363 1.38786e-16
7363.64823825 1.19812e-16
7365.83089287 1.26031e-16
7368.01354749 1.45373e-16
7370.19620211 1.37553e-16
7372.37885673 1.45367e-16
7374.56151134 1.4605e-16
7376.74416596 1.28946e-16
7378.92682058 1.28355e-16
7381.1094752 1.35909e-16
7383.29212982 1.37409e-16
7385.47478444 1.38083e-16
7387.65743906 1.41482e-16
7389.84009368 1.41387e-16
7392.0227483 1.28466e-16
7394.20540292 1.26957e-16
7396.38805754 1.33002e-16
7398.57071216 1.53437e-16
7400.75336678 1.51715e-16
7402.93602139 1.41077e-16
7405.11867601 1.46821e-16
7407.30133063 1.45324e-16
7409.48398525 1.40096e-16
7411.66663987 1.36244e-16
7413.84929449 1.38407e-16
7416.03194911 1.3768e-16
7418.21460373 1.40918e-16
7420.39725835 1.39903e-16
7422.57991297 1.34953e-16
7424.76256759 1.30997e-16
7426.94522221 1.33883e-16
7429.12787683 1.37653e-16
7431.31053144 1.32912e-16
7433.49318606 1.35335e-16
7435.67584068 1.26034e-16
7437.8584953 1.22223e-16
7440.04114992 1.36955e-16
7442.22380454 1.47469e-16
7444.40645916 1.36927e-16
7446.58911378 1.22249e-16
7448.7717684 1.29822e-16
7450.95442302 1.3124e-16
7453.13707764 1.26728e-16
7455.31973226 1.35184e-16
7457.50238688 1.3978e-16
7459.68504149 1.24357e-16
7461.86769611 1.17239e-16
7464.05035073 1.22392e-16
7466.23300535 1.3324e-16
7468.41565997 1.38478e-16
7470.59831459 1.40721e-16
7472.78096921 1.24845e-16
7474.96362383 1.2958e-16
7477.14627845 1.34073e-16
7479.32893307 1.22938e-16
7481.51158769 1.23474e-16
7483.69424231 1.35456e-16
7485.87689692 1.40467e-16
7488.05955154 1.33164e-16
7490.24220616 1.23928e-16
7492.42486078 1.32518e-16
7494.6075154 1.37324e-16
7496.79017002 1.36179e-16
7498.97282464 1.30387e-16
7501.15547926 1.24004e-16
7503.33813388 1.27368e-16
7505.5207885 1.30147e-16
7507.70344312 1.20401e-16
7509.88609774 1.2587e-16
7512.06875236 1.28108e-16
7514.25140697 1.28563e-16
7516.43406159 1.35303e-16
7518.61671621 1.36148e-16
7520.79937083 1.40468e-16
7522.98202545 1.35497e-16
7525.16468007 1.2994e-16
7527.34733469 1.20675e-16
7529.52998931 1.29733e-16
7531.71264393 1.36823e-16
7533.89529855 1.30599e-16
7536.07795317 1.28982e-16
7538.26060779 1.23912e-16
7540.44326241 1.19971e-16
7542.62591702 1.31449e-16
7544.80857164 1.30565e-16
7546.99122626 1.18899e-16
7549.17388088 1.2716e-16
7551.3565355 1.39344e-16
7553.53919012 1.36855e-16
7555.72184474 1.29069e-16
7557.90449936 1.24988e-16
7560.08715398 1.29902e-16
7562.2698086 1.41252e-16
7564.45246322 1.31233e-16
7566.63511784 1.27619e-16
7568.81777246 1.33144e-16
7571.00042707 1.38829e-16
7573.18308169 1.37341e-16
7575.36573631 1.22785e-16
7577.54839093 1.27201e-16
7579.73104555 1.28155e-16
7581.91370017 1.17381e-16
7584.09635479 1.17901e-16
7586.27900941 1.21519e-16
7588.46166403 1.20102e-16
7590.64431865 1.17507e-16
7592.82697327 9.36033e-17
7595.00962789 7.49367e-17
7597.19228251 6.66001e-17
7599.37493712 5.35142e-17
7601.55759174 3.59192e-17
7603.74024636 4.33708e-17
7605.92290098 4.13545e-17
7608.1055556 3.80162e-17
7610.28821022 5.31213e-17
7612.47086484 6.54746e-17
7614.65351946 7.76878e-17
7616.83617408 8.26215e-17
7619.0188287 9.30658e-17
7621.20148332 9.51049e-17
7623.38413794 7.66615e-17
7625.56679255 6.95385e-17
7627.74944717 7.23582e-17
7629.93210179 6.38395e-17
7632.11475641 6.73729e-17
7634.29741103 6.91946e-17
7636.48006565 7.06859e-17
7638.66272027 6.86147e-17
7640.84537489 7.31806e-17
7643.02802951 8.14447e-17
7645.21068413 7.84018e-17
7647.39333875 9.19664e-17
7649.57599337 9.46011e-17
7651.75864799 8.82755e-17
7653.9413026 1.06383e-16
7656.12395722 9.9509e-17
7658.30661184 1.04275e-16
7660.48926646 1.01473e-16
7662.67192108 1.02338e-16
7664.8545757 1.1406e-16
7667.03723032 1.15623e-16
7669.21988494 1.15333e-16
7671.40253956 1.15678e-16
7673.58519418 1.09828e-16
7675.7678488 1.10422e-16
7677.95050342 1.1744e-16
7680.13315804 1.20223e-16
7682.31581265 1.16274e-16
7684.49846727 1.24779e-16
7686.68112189 1.12879e-16
7688.86377651 1.23122e-16
7691.04643113 1.19916e-16
7693.22908575 1.16821e-16
7695.41174037 1.28946e-16
7697.59439499 1.27245e-16
7699.77704961 1.14144e-16
7701.95970423 1.08385e-16
7704.14235885 1.2645e-16
7706.32501347 1.25575e-16
7708.50766809 1.13761e-16
7710.6903227 1.02395e-16
7712.87297732 1.12718e-16
7715.05563194 1.32618e-16
7717.23828656 1.18541e-16
7719.42094118 1.2479e-16
7721.6035958 1.21732e-16
7723.78625042 1.12241e-16
7725.96890504 1.0501e-16
7728.15155966 1.11849e-16
7730.33421428 1.17679e-16
7732.5168689 1.1744e-16
7734.69952352 1.18889e-16
7736.88217813 1.15549e-16
7739.06483275 1.04954e-16
7741.24748737 1.01048e-16
7743.43014199 1.04972e-16
7745.61279661 1.07064e-16
7747.79545123 1.05952e-16
7749.97810585 1.13208e-16
7752.16076047 1.28903e-16
7754.34341509 1.28552e-16
7756.52606971 1.21199e-16
7758.70872433 1.14685e-16
7760.89137895 1.14875e-16
7763.07403357 1.24574e-16
7765.25668818 1.20525e-16
7767.4393428 1.18098e-16
7769.62199742 1.24922e-16
7771.80465204 1.17223e-16
7773.98730666 1.10495e-16
7776.16996128 1.10611e-16
7778.3526159 1.09567e-16
7780.53527052 1.14591e-16
7782.71792514 1.12861e-16
7784.90057976 1.20252e-16
7787.08323438 1.08685e-16
7789.265889 1.18404e-16
7791.44854362 1.15326e-16
7793.63119823 1.33034e-16
7795.81385285 1.17474e-16
7797.99650747 1.08126e-16
7800.17916209 1.19268e-16
7802.36181671 1.19123e-16
7804.54447133 1.13231e-16
7806.72712595 1.18214e-16
7808.90978057 1.18367e-16
7811.09243519 1.2338e-16
7813.27508981 1.21725e-16
7815.45774443 1.19744e-16
7817.64039905 1.12108e-16
7819.82305367 1.18239e-16
7822.00570828 1.26184e-16
7824.1883629 1.24834e-16
7826.37101752 1.10914e-16
7828.55367214 1.20857e-16
7830.73632676 1.22098e-16
7832.91898138 1.2283e-16
7835.101636 1.17625e-16
7837.28429062 1.25003e-16
7839.46694524 1.21475e-16
7841.64959986 1.08041e-16
7843.83225448 1.08025e-16
7846.0149091 1.02586e-16
7848.19756371 1.10427e-16
7850.38021833 1.26163e-16
7852.56287295 1.29162e-16
7854.74552757 1.22138e-16
7856.92818219 1.26443e-16
7859.11083681 1.04112e-16
7861.29349143 1.13201e-16
7863.47614605 1.15727e-16
7865.65880067 1.1922e-16
7867.84145529 1.37995e-16
7870.02410991 1.2507e-16
7872.20676453 1.17204e-16
7874.38941915 1.17915e-16
7876.57207376 1.15265e-16
7878.75472838 1.26157e-16
7880.937383 1.30024e-16
7883.12003762 1.2512e-16
7885.30269224 1.18698e-16
7887.48534686 1.36111e-16
7889.66800148 1.23314e-16
7891.8506561 1.11021e-16
7894.03331072 1.16329e-16
7896.21596534 1.26387e-16
7898.39861996 1.26907e-16
7900.58127458 1.28185e-16
7902.7639292 1.31661e-16
7904.94658381 1.25459e-16
7907.12923843 1.14993e-16
7909.31189305 1.23672e-16
7911.49454767 1.21025e-16
7913.67720229 1.27214e-16
7915.85985691 1.1686e-16
7918.04251153 1.17208e-16
7920.22516615 1.31484e-16
7922.40782077 1.16653e-16
7924.59047539 1.09206e-16
7926.77313001 1.18457e-16
7928.95578463 1.14017e-16
7931.13843925 1.12406e-16
7933.32109386 1.22675e-16
7935.50374848 1.22688e-16
7937.6864031 1.2896e-16
7939.86905772 1.23604e-16
7942.05171234 1.28737e-16
7944.23436696 1.29444e-16
7946.41702158 1.24946e-16
7948.5996762 1.17786e-16
7950.78233082 1.20039e-16
7952.96498544 1.35576e-16
7955.14764006 1.23928e-16
7957.33029468 1.23961e-16
7959.5129493 1.11521e-16
7961.69560391 1.21619e-16
7963.87825853 1.34547e-16
7966.06091315 1.28778e-16
7968.24356777 1.11436e-16
7970.42622239 1.09029e-16
7972.60887701 1.15721e-16
7974.79153163 1.08565e-16
7976.97418625 1.07336e-16
7979.15684087 1.19335e-16
7981.33949549 1.16369e-16
7983.52215011 1.20197e-16
7985.70480473 1.18978e-16
7987.88745934 1.1636e-16
7990.07011396 1.15497e-16
7992.25276858 1.14302e-16
7994.4354232 1.17103e-16
7996.61807782 1.29186e-16
